[ 330  370  350  460  290  470  270  580  250  500  410  460  410  580
  350  500  310  680  310  850  310 1020  400  680  410  850  420 1000
  320  360  350  360  310  370  380  370][ 335  370  350  460  290  464  270  580  263  513  415  460  410  580
  327  513  310  680  315  850  310 1020  400  680  410  844  420 1000
  325  360  355  360  310  370  380  370][ 337  370  350  460  295  462  270  580  275  517  413  460  404  574
  313  517  310  680  313  850  310 1020  400  680  404  842  420 1005
  327  360  357  360  310  370  380  370][ 338  370  355  460  297  461  270  580  278  519  416  460  402  572
  311  519  310  680  312  850  310 1020  400  680  402  841  420 1007
  328  360  358  360  310  370  380  370][ 334  375  357  465  298  465  270  580  275  526  418  460  401  571
  302  519  310  680  311  850  310 1020  400  680  401  840  420 1008
  329  360  354  360  310  375  380  370][ 332  377  358  467  299  467  270  580  266  523  419  465  400  570
  300  515  310  680  310  850  310 1020  400  680  400  840  420 1004
  329  365  352  360  310  377  380  370][ 336  378  359  468  299  463  270  574  237  516  419  463  400  570
  300  505  310  680  316  844  310 1020  400  680  405  840  420 1002
  329  367  356  360  310  378  380  370][ 338  379  354  469  294  461  270  572  232  513  419  466  394  564
  300  502  310  680  318  846  310 1020  400  680  407  840  420 1006
  329  368  358  365  310  379  380  370][ 338  379  356  469  296  466  270  571  230  511  419  463  391  561
  304  501  310  680  318  843  304 1020  400  680  408  840  420 1003
  329  369  358  367  310  379  380  375][ 339  379  358  469  298  467  270  575  234  511  419  462  384  560
  294  500  310  680  314  841  302 1020  400  680  404  845  420 1001
  329  369  359  364  310  379  380  373][ 339  379  358  469  298  475  270  572  251  510  419  461  381  565
  291  522  310  680  312  845  305 1014  400  680  402  847  420 1001
  329  369  354  362  310  379  380  372][ 339  379  359  469  305  478  270  576  256  510  419  460  373  567
  283  521  310  680  311  847  307 1012  400  680  401  848  414 1000
  329  369  352  361  310  379  380  371][ 339  379  359  469  303  479  270  578  254  510  419  465  371  568
  281  520  310  680  310  848  308 1011  400  680  400  849  412 1000
  329  369  351  360  310  379  380  370][ 339  379  359  469  302  479  270  578  246  510  419  463  374  569
  280  515  310  680  310  844  309 1010  400  680  400  844  411 1000
  329  369  350  360  310  379  380  370][ 339  379  359  464  306  479  270  574  242  510  419  462  371  569
  284  505  310  680  315  842  304 1010  400  680  400  842  410 1000
  329  369  350  360  310  379  380  370][ 339  379  359  462  303  474  270  572  234  504  414  461  370  564
  286  502  310  680  313  841  302 1010  400  674  400  841  410 1000
  324  369  350  360  310  379  380  370][ 339  379  359  465  302  472  270  571  231  502  416  460  370  562
  283  501  310  680  311  840  305 1010  400  676  400  840  410 1000
  322  369  350  360  310  379  380  370][ 334  379  359  467  301  476  270  575  235  505  413  460  370  561
  281  500  310  680  311  840  302 1010  400  677  400  840  410 1000
  321  369  350  360  310  379  380  370][ 336  374  359  468  300  477  270  577  244  507  411  460  370  565
  280  505  310  680  310  840  301 1010  400  678  400  840  410 1000
  320  369  355  360  310  379  380  370][ 337  372  354  469  300  473  270  573  247  508  410  460  370  567
  285  514  310  674  310  840  300 1010  394  673  400  834  410 1000
  320  364  353  360  304  374  380  370][ 338  371  352  464  300  472  264  572  248  515  410  460  375  568
  287  513  310  672  310  834  300 1010  396  676  400  831  410 1000
  320  362  356  360  306  372  380  370][ 339  370  351  462  294  471  266  571  244  513  410  460  377  564
  288  505  310  671  310  831  300 1004  397  677  400  831  410 1000
  320  361  353  360  307  371  380  370][ 339  370  350  461  292  464  263  570  235  512  410  460  378  562
  289  502  304  670  304  831  300 1002  393  673  400  830  410  994
  320  360  352  360  308  370  380  370][ 339  370  344  460  291  461  261  564  232  511  410  460  385  561
  295  501  302  670  302  830  300 1001  391  671  400  830  410  992
  325  360  351  360  303  370  380  370][ 339  370  341  460  290  460  260  561  231  504  410  460  395  560
  305  500  301  670  301  835  300 1000  390  671  400  830  410  991
  327  360  350  360  301  370  380  370][ 339  370  345  460  290  453  265  565  235  502  410  454  393  565
  308  500  300  670  300  832  300 1005  390  670  400  824  410  990
  324  360  350  360  301  370  380  370][ 339  370  347  454  290  451  263  567  253  513  410  452  397  567
  305  505  300  664  300  831  300 1002  390  664  400  821  410  990
  322  360  350  360  305  370  380  370][ 339  370  343  451  284  450  261  568  265  512  410  451  398  568
  308  515  300  661  300  831  300 1001  390  661  400  820  410  990
  326  360  350  360  302  370  380  370][ 334  370  341  451  281  450  261  568  262  516  410  450  399  564
  309  513  300  661  300  830  300 1001  390  660  400  820  410  990
  323  360  350  354  301  370  374  370][ 336  370  340  450  280  450  260  569  261  518  410  450  406  562
  316  505  300  660  300  830  300 1000  390  660  400  820  410  990
  321  354  350  352  301  370  372  364][ 333  370  340  450  280  450  260  569  260  506  410  450  404  554
  325  495  300  665  300  830  300 1000  390  660  400  820  410  984
  321  352  350  351  300  370  371  362][ 331  370  340  450  280  455  260  569  260  502  410  450  407  556
  353  497  300  667  300  830  305 1000  390  660  400  820  410  981
  320  351  350  350  300  370  370  361][ 330  370  340  450  274  453  260  569  266  501  410  450  408  557
  366  492  300  668  300  830  307 1000  390  660  400  820  410  981
  314  350  344  350  300  364  370  360][ 330  370  340  450  271  451  260  569  284  500  410  450  416  558
  369  491  300  669  300  830  308 1005  390  665  400  820  410  980
  316  350  342  350  300  362  370  360][ 330  370  340  450  270  456  260  569  296  505  410  450  414  558
  363  490  300  669  300  830  309 1007  390  663  400  820  410  980
  317  350  345  350  300  361  370  360][ 335  364  340  450  264  453  260  569  315  507  404  450  412  559
  367  490  300  664  300  830  309 1008  390  661  400  820  410  980
  324  350  347  350  300  360  370  360][ 337  362  340  450  261  456  260  569  311  515  402  450  416  559
  369  490  300  666  300  835  309 1009  390  661  400  820  410  980
  327  350  348  344  300  360  370  360][ 338  365  334  450  260  453  260  569  317  506  401  450  418  559
  376  490  300  663  300  833  304 1004  390  660  405  820  410  980
  328  350  349  346  300  360  370  360][ 339  367  332  450  260  452  260  569  326  502  400  450  419  559
  403  484  300  666  300  832  306 1002  390  660  407  820  410  980
  329  350  349  347  300  360  370  360][ 339  368  331  450  260  451  265  569  328  506  400  444  419  559
  408  481  300  667  300  836  308 1001  390  665  408  825  410  985
  329  350  355  348  300  360  370  360][ 339  369  330  450  260  450  267  569  336  503  400  446  419  559
  409  480  300  668  300  838  308 1005  390  663  409  827  410  987
  329  350  357  349  300  360  370  360][ 339  369  330  450  260  450  268  569  346  494  394  447  419  559
  409  480  300  669  300  834  309 1007  390  662  409  828  410  988
  329  350  358  349  300  365  370  360][ 339  369  330  450  260  450  275  564  356  496  384  448  419  559
  406  480  300  669  300  832  309 1003  390  661  409  824  410  989
  329  350  359  349  300  363  370  365][ 339  369  330  450  260  450  278  566  366  497  381  449  419  559
  408  485  300  669  300  831  309 1002  390  660  404  822  410  984
  329  350  359  349  300  362  370  363][ 339  369  330  450  260  450  286  563  369  498  380  449  414  565
  409  487  300  669  300  830  304 1001  390  660  402  821  410  982
  329  350  359  349  300  361  370  362][ 339  369  330  450  260  450  283  561  369  498  380  449  412  563
  409  488  300  669  300  830  306 1000  390  660  401  820  410  981
  329  350  359  349  300  360  370  361][ 345  369  330  450  260  450  287  560  376  493  380  449  411  562
  416  489  300  669  300  830  307 1005  384  665  400  820  410  985
  335  350  365  349  300  360  370  366][ 347  369  330  450  260  450  288  560  378  491  380  449  410  561
  425  489  300  669  300  830  308 1007  386  667  400  820  410  987
  337  350  368  349  300  360  375  368][ 348  369  324  450  260  450  289  565  379  490  380  449  410  560
  428  489  300  669  300  830  309 1008  383  668  400  820  410  988
  338  350  368  349  300  360  377  368][ 349  369  322  450  260  450  296  563  379  495  374  449  410  566
  425  489  300  669  305  830  309 1009  381  669  394  820  410  989
  339  350  369  349  305  365  378  369][ 349  369  321  450  260  450  298  561  394  497  376  455  410  563
  428  489  300  675  303  830  309 1004  380  669  391  820  410  989
  339  350  369  355  307  367  379  369][ 355  369  320  450  260  455  299  561  398  498  372  457  410  562
  429  489  300  677  302  830  309 1002  380  669  391  820  410  989
  339  355  369  357  304  368  379  364][ 358  369  320  450  260  457  299  560  399  499  375  458  410  561
  429  489  300  674  301  830  309 1001  380  669  390  820  410  984
  339  357  369  358  302  369   -1   -1][ 359  369  320  455  260  458  299  560  399  499  372  459  410  566
  429  489  300  672  300  830  309 1000  380  669  390  820  410  982
  339  358  369  359  301  369   -1   -1][ 354  369  320  453  260  459  299  560  406  499  376  459  404  563
  429  489  300  671  306  830  309 1000  380  669  390  820  410  981
  339  359  369  359  300  369  380  370][ 352  369  320  456  260  459  299  560  408  499  377  459  406  566
  429  489  300  670  308  830  309 1000  380  669  390  820  410  980
  339  359  369  359  300  369  380  364][ 351  369  320  458  260  459  305  560  409  499  378  459  407  563
  429  489  300  675  308  830  309 1000  380  669  390  820  415  980
  339  359  369  359  300  369  380  366][ 350  369  320  459  260  459  308  560  409  499  379  459  408  562
  435  489  300  677  309  830  309 1000  380  669  390  820  417  980
  339  359  369  359  300  369  380  367][350 369 320 454 260 459 315 560 409 499 379 454 403 561 438 489 300 678
 309 830 309 994 380 669 390 820 418 980 339 354 369 359 300 369 380 368][350 369 320 452 260 459 318 560 409 499 374 456 401 560 434 489 300 679
 309 830 309 992 380 669 390 820 414 980 339 352 369 359 300 369 374 369][350 369 320 456 260 459 319 560 404 499 372 458 401 560 432 495 300 679
 309 830 309 991 380 669 390 820 412 980 334 355 369 359 300 369 372 369][344 369 320 457 260 459 319 560 407 499 375 458 400 560 431 497 300 679
 309 830 309 990 380 669 390 820 411 980 332 357 364 359 300 369 375 369][342 369 320 458 260 459 319 560 408 499 377 459 400 560 436 498 300 679
 309 830 309 984 380 669 390 820 410 980 331 358 362 359 300 369 377 369][345 369 325 459 265 459 319 560 408 499 378 459 400 560 438 494 300 679
 309 830 309 986 380 669 390 820 415 980 330 359 365 359 305 369 378 369][347 369 327 454 267 459 314 560 409 499 379 459 405 560 438 492 300 679
 309 830 315 987 380 669 390 820 417 980 335 354 367 354 307 364 379 369][348 369 328 452 268 454 312 560 404 499 379 459 407 554 439 491 300 674
 309 830 317 988 380 669 390 820 418 980 337 352 368 352 308 362 379 369][349 369 329 451 269 456 323 560 406 499 379 454 408 552 439 484 300 672
 309 830 314 995 380 669 390 820 419 980 338 351 369 351 309 361 379 369][349 369 329 450 269 453 322 554 407 499 374 452 404 551 434 482 300 671
 309 824 312 993 380 669 390 820 419 980 339 350 369 350 309 360 379 369][349 369 329 450 269 451 321 556 408 499 372 451 402 550 432 481 305 670
 309 822 316 996 380 664 390 814 419 980 339 350 369 350 309 360 379 369][349 369 329 455 269 455 326 557 409 499 375 455 401 555 431 485 307 670
 315 821 313 998 380 662 390 812 414 974 339 350 369 350 309 365 379 369][349 369 329 453 269 452 323 558 409 499 377 457 400 557 435 487 308 670
 317 820 316 999 385 661 395 815 416 972 339 350 369 350 309 367 379 369][ 349  369  329  451  269  451  322  559  409  499  378  458  405  558
  437  488  309  670  318  825  318 1005  387  665  397  817  418  975
  339  350  369  350  309  363  379  369][ 349  369  329  451  275  450  315  559  409  499  379  454  407  559
  438  489  309  670  319  827  318 1003  388  662  398  818  418  972
  339  350  369  350  309  362  379  369][ 355  369  329  450  277  450  316  559  409  499  385  452  408  559
  439  489  309  670  319  828  319 1002  389  661  399  813  419  976
  339  350  369  350  309  361  379  369][ 357  369  329  450  278  450  318  559  409  494  387  451  415  554
  445  489  309  670  319  824  319 1001  389  660  399  816  419  977
  339  350  369  350  315  360  379  369][ 358  369  329  450  279  450  318  559  409  492  388  450  418  556
  448  489  309  670  325  822  319 1001  389  660  405  818  419  978
  339  350  369  350  317  360  379  369][359 369 329 450 279 450 319 559 409 495 384 450 419 558 448 489 309 670
 328 826 319 994 389 660 408 818 419 974 339 350 369 350 318 360 379 369][359 369 329 450 279 450 319 559 409 497 382 450 419 553 444 489 315 670
 329 827 319 992 395 660 409 819 419 972 339 344 369 350 319 354 379 369][359 364 329 450 279 450 314 554 409 498 381 450 419 556 442 489 317 664
 329 823 319 991 398 660 409 819 419 971 339 342 369 350 319 352 379 369][365 366 329 450 279 450 311 556 409 499 386 444 419 557 446 489 318 662
 329 822 319 995 398 660 409 814 425 975 345 341 375 350 319 351 379 369][363 363 335 444 285 450 304 553 409 499 387 442 425 558 448 489 319 661
 329 821 319 997 399 654 409 812 423 973 347 340 377 350 319 350 379 369][367 361 333 446 288 450 301 556 409 499 388 441 428 559 448 489 319 660
 329 820 319 998 399 656 409 815 426 976 348 340 378 350 319 350 379 369][368 360 336 447 288 450 305 557 409 494 389 440 429 565 455 495 319 660
 329 820 319 999 399 657 409 817 428 978 349 340 379 350 325 350 379 369][369 360 338 448 289 450 306 558 404 496 395 445 429 563 458 493 325 660
 329 820 319 999 405 658 409 818 429 978 349 340 379 350 328 350 385 364][ 369  360  339  449  289  450  307  559  402  497  398  442  429  567
  454  492  328  660  335  825  319 1005  408  659  415  819  429  979
  349  340  379  344  328  350  387  362][ 369  360  345  449  289  450  303  559  405  498  405  441  435  563
  452  491  329  660  333  827  319 1007  409  659  418  819  429  979
  349  340  379  342  329  350  395  361][ 369  360  348  444  289  450  301  559  402  499  408  441  438  562
  451  490  329  654  332  824  319 1008  409  654  418  819  429  979
  349  340  379  345  329  350  398  354][ 369  360  349  446  289  450  300  559  401  499  409  445  439  561
  444  490  329  651  336  822  325 1004  409  651  419  819  429  979
  355  340  379  347  329  350  399  351][ 369  360  349  447  289  450  300  559  400  499  416  443  446  566
  446  490  329  651  338  821  327 1002  415  655  419  819  429  979
  358  340  379  348  329  355  399  355][ 375  360  356  443  289  444  300  559  394  499  418  441  448  563
  447  490  329  650  339  820  328 1001  418  652  419  814  429  979
  358  340  385  349  329  353  406  352][ 378  365  358  446  295  446  300  565  384  499  419  441  449  566
  455  490  329  650  339  820  329 1000  419  651  419  816  429  974
  365  345  387  349  335  352  408  355][378 363 359 447 293 447 300 567 381 499 419 440 449 568 453 490 329 650
 339 820 329 994 419 655 419 813 429 972 368 343 388 344 338 351 409 357][379 362 366 448 296 448 300 568 380 499 426 445 449 569 451 484 329 650
 339 820 329 992 419 653 419 811 429 971 369 342 389 342 338 350 409 353][379 361 368 449 298 449 300 564 380 499 428 443 456 564 427 486 329 655
 339 820 329 991 419 651 419 815 429 970 369 341 389 341 339 350 409 356][379 360 369 444 299 449 300 562 380 513 429 442 458 562 422 494 329 653
 339 820 329 990 419 651 419 812 429 970 369 340 389 340 339 350 409 357][379 360 369 442 299 449 300 561 380 512 429 441 459 561 420 497 329 651
 339 820 329 990 419 650 419 811 429 970 369 340 389 340 339 350 409 358][379 360 369 445 299 449 300 560 373 505 429 440 459 560 413 494 329 651
 339 820 329 990 419 650 419 810 435 970 369 340 389 340 339 350 409 353][379 360 369 447 299 449 294 560 355 503 436 440 459 560 421 492 329 656
 339 820 329 990 419 655 419 815 437 970 369 340 389 340 339 350 409 352][379 354 375 443 305 449 292 560 335 494 438 440 459 560 442 484 329 658
 339 825 329 990 419 657 419 817 438 970 369 340 389 340 339 350 409 351][379 352 373 441 303 444 284 560 305 492 439 440 459 560 455 482 329 658
 339 823 329 990 419 658 419 818 434 970 369 340 389 340 339 350 409 350][379 351 377 441 307 442 286 560 283 484 439 440 459 560 475 481 335 659
 339 822 329 990 419 659 419 819 432 970 369 340 389 340 339 350 409 350][379 350 378 445 308 445 282 560 272 481 439 445 465 560 486 480 337 659
 339 821 329 990 419 659 419 819 431 970 369 340 389 340 339 350 409 350][374 350 379 447 309 447 285 546 262 473 439 447 468 560 489 480 338 659
 339 820 329 990 419 659 419 814 430 970 364 340 389 340 339 350 409 350][372 350 379 448 309 448 282 547 267 471 439 448 468 560 489 474 339 659
 339 820 329 990 419 659 419 816 430 970 362 340 389 340 339 350 409 350][375 350 379 449 309 449 285 548 269 470 439 444 469 554 479 471 339 659
 339 820 329 990 419 659 419 818 430 970 361 340 389 340 339 350 409 350][377 350 379 449 315 449 287 549 273 470 445 442 475 556 466 464 339 659
 339 820 329 990 419 659 419 818 430 970 360 340 389 340 339 350 409 350][378 350 379 436 313 436 288 549 301 474 443 434 478 553 455 466 339 659
 339 820 329 990 419 659 419 819 430 975 360 340 389 340 339 344 409 350][379 350 379 432 317 437 289 543 324 472 442 432 474 544 435 473 339 654
 339 820 329 990 419 654 419 819 430 973 365 340 389 340 339 342 409 350][379 350 379 434 314 438 289 541 336 471 441 435 472 541 414 476 339 656
 339 820 329 990 419 656 419 819 430 972 367 340 389 334 339 341 409 350][379 350 379 436 312 439 295 540 347 475 440 432 465 540 402 473 339 657
 339 820 329 990 419 657 419 814 430 971 368 340 389 336 339 340 409 350][379 350 379 437 311 439 297 540 357 477 440 431 462 545 400 476 339 658
 339 820 329 984 419 658 419 812 430 970 369 340 389 337 339 340 409 350][379 350 379 433 310 433 294 540 349 478 440 430 461 542 400 473 339 653
 339 820 329 982 419 653 419 811 435 970 364 340 389 338 339 340 409 344][379 350 379 436 310 436 292 540 345 474 440 430 460 541 404 471 334 651
 339 820 329 981 419 656 419 810 433 970 366 340 389 339 339 340 409 346][379 350 379 432 310 432 291 540 337 464 440 430 465 540 412 464 336 655
 339 820 329 980 419 653 419 810 432 970 363 340 389 339 339 340 409 347][379 350 379 424 310 424 276 540 317 466 440 430 474 540 432 462 337 652
 339 820 329 980 419 651 419 810 431 970 361 340 389 339 339 340 409 343][374 350 379 433 310 433 272 540 286 454 440 430 485 540 454 454 333 651
 339 820 329 980 419 650 419 810 430 970 361 340 389 339 339 345 409 346][372 350 379 436 310 436 270 534 264 451 445 435 488 534 484 444 336 650
 339 820 329 985 419 650 419 810 430 970 360 340 384 339 339 347 409 347][371 350 379 438 304 438 263 532 243 450 443 437 496 524 497 433 333 650
 339 814 329 987 419 650 419 810 430 970 360 340 382 339 339 348 409 348][370 350 379 438 302 445 253 531 223 450 446 438 506 521 525 437 331 650
 334 812 324 988 419 650 419 810 430 964 354 340 381 339 339 349 409 349][370 350 379 445 301 448 243 530 212 454 448 439 508 520 537 438 330 650
 332 811 322 989 419 650 419 810 430 962 351 340 380 339 339 349 409 349][370 350 379 448 300 449 233 530 202 457 449 439 516 520 547 444 330 655
 331 810 321 989 419 650 419 810 430 961 351 340 380 339 334 349 409 349][370 350 379 449 300 449 231 530 183 464 449 439 518 520 557 446 330 657
 330 815 320 989 419 655 419 810 430 960 350 340 380 339 332 349 409 349][370 350 379 449 300 449 230 530 180 475 449 439 519 525 559 454 330 658
 330 813 320 989 419 657 419 810 430 960 350 340 380 339 331 349 409 349][370 350 379 449 300 449 241 535 180 485 449 439 515 527 559 473 330 659
 330 811 320 989 419 658 419 810 430 960 350 340 380 339 330 349 409 349][370 350 379 449 300 449 246 537 185 496 449 439 513 528 555 478 330 659
 330 811 320 989 419 659 419 810 430 960 350 340 380 339 330 349 409 349][370 350 379 444 300 444 255 538 191 506 444 439 505 535 547 486 330 654
 330 815 320 989 419 654 419 810 430 960 350 340 380 334 330 349 409 344][370 350 374 442 300 446 265 545 203 516 442 439 495 545 536 505 330 656
 330 817 320 989 419 656 419 810 430 965 350 340 380 332 330 344 409 342][370 350 372 441 300 448 268 548 223 519 441 439 475 555 507 508 330 653
 330 818 320 984 419 653 419 810 430 967 350 340 380 331 330 342 409 341][370 350 371 440 300 448 276 549 244 527 440 439 471 558 493 517 330 651
 330 819 320 982 419 651 419 810 430 968 350 340 380 330 330 345 409 340][370 350 370 440 300 443 286 549 265 523 440 439 470 559 464 519 330 651
 330 819 320 981 419 651 419 810 430 969 344 340 380 335 330 342 404 340][370 350 375 440 300 441 288 556 295 521 445 439 470 559 434 519 330 650
 330 819 320 980 419 650 419 810 424 969 342 340 380 337 330 346 402 340][370 350 377 440 300 445 289 554 325 520 443 439 463 559 413 519 330 655
 335 819 320 980 419 655 419 810 422 969 341 340 380 338 330 347 401 340][370 350 373 434 300 442 289 552 338 515 441 434 453 555 401 507 330 653
 333 814 320 980 419 653 419 810 421 969 340 340 380 339 330 348 400 340][364 350 376 431 300 434 296 545 339 487 441 432 451 545 391 486 330 651
 336 816 320 980 419 651 419 810 420 969 340 340 380 339 330 344 400 340][362 350 373 431 305 432 298 542 339 464 434 424 450 534 397 465 330 651
 333 818 320 980 419 651 419 810 420 969 340 340 374 339 330 346 400 340][361 350 371 424 303 424 295 534 333 452 432 421 450 524 404 444 330 650
 332 813 320 980 419 650 419 810 425 969 340 340 376 339 330 343 400 340][360 350 371 421 306 426 286 531 309 433 424 420 454 521 411 432 330 644
 331 811 320 980 419 644 419 810 427 964 340 334 377 339 330 341 400 340][360 350 370 425 308 427 275 515 286 413 426 420 464 513 441 422 330 642
 330 811 320 980 419 642 419 804 428 962 340 332 378 339 330 340 400 340][360 350 370 422 304 428 264 503 264 402 433 420 475 503 455 412 330 641
 330 810 320 980 419 641 419 802 429 961 340 331 379 334 330 340 400 340][360 350 370 425 302 428 261 501 252 400 437 425 485 493 475 402 330 640
 330 810 320 980 419 640 419 801 429 960 340 330 373 332 330 340 400 340][360 344 370 427 301 429 253 500 242 400 433 427 488 491 487 400 330 640
 330 810 320 980 419 640 419 800 429 960 340 330 371 331 330 340 400 340][365 342 370 428 300 429 243 500 223 405 432 428 496 490 497 400 330 640
 330 810 320 980 419 640 419 800 424 960 340 330 375 330 330 340 400 340][363 341 370 435 300 443 241 500 212 407 431 429 498 490 507 404 330 645
 330 810 320 980 419 640 419 800 426 960 340 330 377 330 330 340 400 340][361 340 370 433 300 442 233 504 210 413 435 429 506 494 526 412 330 643
 330 810 320 980 419 640 419 800 428 960 340 330 378 330 330 340 400 340][361 340 370 437 300 446 236 522 202 432 437 429 508 512 537 423 330 641
 330 810 320 980 419 640 419 800 428 960 340 330 373 330 330 340 400 340][360 340 370 438 300 444 243 527 207 454 438 429 506 517 539 443 330 646
 330 810 320 980 419 640 419 800 429 960 340 330 372 330 330 340 400 340][360 340 370 439 300 447 253 529 208 466 439 429 504 526 539 456 330 648
 330 810 320 980 419 640 419 800 424 960 340 330 371 330 330 340 400 340][360 340 370 439 300 444 257 536 209 477 439 429 487 528 535 466 330 644
 330 810 320 980 419 640 419 800 422 960 340 330 370 330 324 340 400 340][360 340 370 434 300 442 265 538 214 495 439 429 474 536 518 485 330 642
 330 810 320 980 419 640 419 800 421 960 340 330 370 330 322 340 400 340][360 340 370 432 300 435 275 539 233 499 439 429 471 546 505 497 330 641
 330 810 320 980 419 640 419 800 420 960 340 330 370 330 321 340 400 340][360 340 370 431 300 432 286 546 254 516 439 429 463 548 485 507 330 640
 330 810 320 974 419 640 419 800 425 954 340 330 370 330 325 340 400 340][360 340 370 430 300 431 288 544 293 519 439 429 466 545 455 517 330 640
 330 810 320 972 419 640 419 800 423 952 340 330 370 330 327 340 400 340][360 340 370 430 294 430 289 555 316 527 439 429 462 548 424 527 330 640
 330 810 320 971 419 645 419 800 421 955 340 330 370 330 328 340 400 340][360 340 370 430 292 435 289 552 346 537 439 429 461 549 403 529 330 640
 330 810 320 970 419 643 419 800 421 957 340 330 370 330 329 340 400 340][360 340 370 430 295 432 289 546 349 522 439 429 453 549 382 524 330 640
 330 810 320 970 419 642 419 800 420 953 340 330 370 330 329 340 400 340][360 340 370 430 297 431 289 543 342 498 439 424 451 544 388 499 330 640
 330 810 320 970 414 641 419 800 420 951 340 330 370 330 329 340 394 340][360 340 370 424 298 431 289 541 340 484 434 422 450 535 396 484 330 640
 330 810 320 970 416 640 419 800 420 951 340 330 370 330 329 340 392 340][360 340 370 422 299 424 276 534 335 464 424 421 454 532 401 464 330 640
 330 810 320 975 417 640 419 800 420 955 340 330 370 330 329 334 391 340][360 340 370 421 299 422 272 532 299 453 426 420 456 524 411 453 330 640
 330 810 320 977 413 640 419 800 420 957 340 330 370 324 329 332 390 334][360 340 370 420 299 421 255 531 284 442 427 414 464 521 432 434 330 640
 330 810 320 978 416 640 419 800 420 958 340 330 370 322 329 331 390 332][360 340 370 420 299 425 251 515 264 423 428 416 475 513 454 422 324 640
 330 804 314 979 417 640 419 800 420 959 340 330 370 321 324 330 390 331][360 340 370 425 299 427 250 503 252 412 429 417 485 503 466 412 322 640
 330 802 312 974 418 640 419 800 420 959 340 330 370 320 322 335 390 330][360 340 364 423 294 423 243 501 233 410 423 418 488 501 485 410 321 640
 330 801 311 972 419 640 419 794 420 959 340 324 370 320 321 333 390 330][360 334 362 426 292 426 225 500 222 410 426 418 489 493 489 402 320 640
 330 800 310 971 419 640 419 792 420 959 340 322 370 320 320 336 390 330][360 332 365 428 295 434 221 500 212 410 427 419 496 491 506 406 320 640
 330 800 315 970 419 640 419 795 420 959 340 321 370 320 320 338 390 330][360 331 367 428 297 437 220 500 202 413 428 419 498 490 526 408 320 645
 330 805 317 975 419 640 419 797 420 959 340 320 370 320 320 338 390 330][360 330 368 429 293 438 220 504 192 415 428 419 499 494 529 413 320 647
 330 807 318 973 419 640 419 798 420 959 340 320 370 320 320 339 390 330][360 330 369 429 296 439 220 507 182 432 429 419 495 496 529 432 320 648
 330 808 319 971 419 640 419 799 420 959 340 320 370 320 320 339 390 330][360 330 369 435 298 439 224 515 187 453 429 419 493 504 529 445 320 649
 330 804 314 971 419 640 414 799 420 954 340 320 370 320 320 339 390 330][354 330 369 433 298 439 234 517 188 466 429 419 492 507 529 456 320 649
 330 802 312 964 414 640 412 799 420 952 340 320 370 320 320 339 390 330][352 330 364 432 294 439 244 525 189 485 429 425 484 508 529 475 320 649
 330 801 311 962 412 640 411 799 420 951 340 320 370 320 320 339 390 330][351 330 362 431 292 434 255 535 194 497 429 423 474 515 525 487 320 644
 330 800 310 961 411 640 410 799 420 950 340 320 370 320 320 334 390 330][350 330 361 431 291 432 266 538 212 507 429 426 464 518 507 497 320 642
 330 800 310 960 410 640 410 799 420 950 340 320 370 320 320 332 390 330][355 330 365 430 295 431 268 539 225 509 429 428 461 519 494 499 325 641
 330 800 310 965 410 640 410 799 420 950 340 320 370 320 320 331 390 330][357 330 362 430 293 430 276 539 245 517 429 424 453 519 474 507 327 640
 330 800 310 967 410 640 415 799 420 950 340 320 370 320 320 330 390 330][358 330 361 424 291 424 273 539 265 527 429 422 456 526 454 516 324 640
 330 800 310 968 410 640 417 799 420 950 340 320 370 320 320 330 390 330][359 330 361 422 291 421 271 546 295 529 429 421 452 535 424 519 322 640
 330 800 310 969 410 640 418 799 420 950 340 320 370 320 320 330 390 330][359 330 360 421 290 425 271 548 316 524 429 420 451 538 394 519 321 640
 330 800 310 964 410 640 414 799 420 950 340 320 370 320 320 330 390 330][359 330 365 420 290 422 276 544 336 508 435 420 450 539 381 516 320 640
 330 800 310 962 410 634 412 799 420 950 340 320 370 320 320 330 390 330][359 330 363 420 290 421 278 543 339 495 433 420 443 539 371 507 325 634
 330 800 310 961 410 632 411 799 420 950 340 320 370 320 320 330 390 330][354 330 366 420 295 420 279 535 339 466 432 420 434 535 377 458 323 636
 330 800 310 965 410 635 410 799 420 950 340 320 370 320 320 330 390 330][356 330 363 414 293 420 279 524 333 453 424 414 436 525 384 443 321 637
 330 800 310 967 410 632 410 799 420 950 340 320 370 320 320 330 390 330][357 330 362 411 296 414 274 521 310 450 422 412 443 514 391 440 321 633
 330 800 310 968 410 631 410 799 420 950 340 314 370 314 320 330 390 330][353 330 366 415 298 416 265 513 295 433 421 411 446 511 402 423 326 631
 330 800 310 969 410 630 410 799 420 950 340 316 370 312 320 330 390 330][351 330 363 417 299 417 262 503 275 414 420 410 454 510 414 412 323 635
 330 800 310 969 410 630 410 799 420 955 340 317 370 315 320 330 390 330][351 330 361 418 299 418 254 501 263 410 420 410 465 503 443 410 326 632
 330 800 310 969 410 630 415 799 420 957 340 318 370 317 320 330 390 330][350 330 361 418 299 425 244 500 244 402 425 415 475 501 456 402 323 636
 330 800 310 969 410 630 413 799 420 954 340 319 370 318 320 330 390 330][350 330 360 419 294 423 233 500 232 407 423 417 478 493 467 400 322 637
 330 800 310 969 410 630 412 799 420 952 340 319 370 319 320 330 390 330][350 330 360 419 292 426 231 500 213 408 421 418 486 496 486 405 321 638
 330 800 310 969 410 635 411 799 420 951 340 319 370 319 320 335 390 330][350 330 365 425 295 428 230 500 210 413 421 419 483 497 489 407 320 639
 330 800 310 969 410 637 416 799 420 950 340 319 370 319 320 337 390 330][350 330 367 427 297 435 230 505 202 423 425 419 487 504 497 422 320 639
 330 800 310 969 410 638 413 799 420 950 340 319 370 319 320 338 390 330][350 330 368 435 298 438 230 514 192 443 427 425 485 514 499 443 320 639
 330 800 310 969 410 639 416 799 420 950 340 325 370 319 320 339 390 330][350 335 369 438 299 439 234 517 190 456 428 428 476 517 507 456 320 639
 324 800 310 969 410 639 413 799 420 950 340 327 370 319 320 339 390 330][350 337 369 439 299 439 244 525 190 475 429 428 473 526 509 475 320 639
 322 800 310 969 410 639 412 799 420 950 334 328 370 319 320 339 390 330][350 338 369 439 299 439 255 535 190 495 429 429 471 536 505 495 320 645
 325 800 310 969 410 639 411 799 420 955 332 324 370 319 320 339 390 330][350 339 369 439 299 439 265 538 193 507 429 435 470 538 497 507 320 647
 327 800 310 969 410 645 410 805 420 953 331 327 370 319 320 339 390 330][350 339 369 434 299 434 268 539 203 526 429 433 470 539 486 526 320 644
 323 800 310 969 410 643 410 803 420 952 330 328 370 325 320 339 390 330][350 339 369 432 299 432 276 539 223 537 429 432 464 539 456 537 320 642
 326 800 310 969 410 642 410 802 420 951 330 329 370 327 320 339 390 335][344 339 369 436 299 436 286 539 244 539 429 431 466 539 443 547 320 646
 328 805 310 969 410 646 410 801 420 956 330 329 364 328 320 339 390 337][342 339 369 437 299 437 288 539 248 539 429 431 462 539 414 557 320 648
 328 807 310 969 410 648 410 806 420 958 330 329 362 329 320 339 390 338][341 339 369 438 299 438 296 539 257 547 429 430 454 539 393 552 320 648
 329 808 315 969 410 649 410 808 420 958 330 329 361 329 320 339 390 339][340 339 369 439 299 439 289 539 267 543 429 436 444 546 364 547 320 644
 329 809 313 969 410 649 410 808 420 959 330 329 360 329 320 339 390 339][340 339 369 439 299 439 289 554 294 541 429 438 433 555 343 544 320 646
 329 809 312 969 410 649 410 809 420 959 330 329 360 329 314 339 390 339][340 345 369 439 305 439 289 547 291 518 429 438 423 558 331 536 325 648
 329 809 316 969 410 649 410 809 420 959 330 329 360 329 312 339 390 339][340 347 375 434 315 434 289 544 283 504 429 439 421 555 330 516 327 648
 329 809 318 975 410 649 410 809 420 959 330 335 354 335 315 345 390 339][334 348 373 424 318 424 284 542 269 493 429 434 413 546 330 495 328 649
 329 809 319 973 410 649 410 809 420 965 330 337 351 338  -1  -1 384 339][331 349 372 426 319 426 275 541 264 483 429 432 411 535 322 483 329 649
 329 809 319 972 410 649 410 809 420 968 330 338 350 338  -1  -1 382 339][331 349 371 427 319 427 272 534 255 473 429 431 414 532 326 464 324 649
 329 809 319 971 410 649 410 809 420 968 330 339 350 339  -1  -1 385 339][330 349 370 428 314 423 271 532 235 454 429 430 411 530 328 452 322 649
 329 809 319 976 410 649 410 809 420 969 330 334 350 339 310 350 382 339][330 349 370 423 312 421 263 531 223 442 424 430 414 530 333 433 321 649
 329 809 319 973 410 649 410 809 420 964 324 332 350 339 304 350 381 339][330 349 370 426 316 425 261 524 213 432 426 430 416 530 336 430 320 649
 329 815 319 976 410 649 410 809 420 967 322 336 350 339  -1  -1 380 345][330 349 370 427 318 422 260 521 202 430 427 430 417 530 337 430 320 649
 329 817 319 978 410 649 410 815 425 968 321 333 344 339  -1  -1 380 347][330 349 370 434 318 433 260 520 200 430 428 430 418 535 345 435 320 655
 329 818 325 979 410 655 410 817 427 968 320 336 341 339  -1  -1 380 348][324 349 370 437 319 432 260 525 205 440 423 430 425 537 355 437 325 657
 329 819 327 979 410 657 410 818 428 969 320 333 341 339  -1  -1 380 344][321 349 375 438 325 431 265 527 207 452 421 430 427 538 358 443 327 654
 329 819 328 985 410 654 410 819 429 969 320 336 340 339  -1  -1 380 342][321 349 377 439 328 431 267 528 202 464 425 435 428 545 366 462 328 657
 329 819 324 988 410 657 410 819 429 969 320 338 340 339  -1  -1 380 341][320 355 378 439 329 436 268 535 201 475 427 437 429 555 363 475 329 658
 329 819 327 989 410 658 410 819 429 969 320 338 340 339  -1  -1 380 345][320 357 379 445 329 438 275 537 204 486 428 445 424 558 362 478 329 659
 329 819 328 989 410 659 410 819 429 969 320 339 334 339  -1  -1 380 347][320 358 379 448 335 439 285 538 206 496 429 448 427 559 361 504 329 659
 329 819 329 989 410 659 410 819 429 969 320 339 331 339  -1  -1 380 348][320 359 379 449 333 439 288 539 214 506 429 449 423 559 346 525 329 659
 329 819 329 984 404 659 410 819 429 969 320 339 335 345  -1  -1 380 349][320 359 379 444 337 439 304 545 233 525 424 449 421 566 334 546 329 659
 329 819 329 986 402 665 404 819 429 969 325 339 337 347  -1  -1 380 349][320 359 379 442 338 439 325 543 238 537 422 449 421 575 315 549 335 659
 329 819 329 988 405 668 402 819 429 969 327 339 333 344  -1  -1 374 349][320 359 379 446 339 439 328 542 273 539 421 449 414 573 303 549 333 665
 329 819 329 988 402 675 401 819 429 975 328 339 331 342  -1  -1 376 349][320 354 379 448 339 439 329 546 270 539 420 449 404 571 292 549 332 663
 329 819 329 989 401 673 400 819 429 973  -1  -1 331 341  -1  -1 373 349][320 356 379 448 345 439 329 548 270 539 420 449 394 571 282 549 331 662
 329 814 329 984 400 672 400 819 429 972 330 340 330 340  -1  -1 371 349][320 358 379 449 343 439 329 544 277 536 420 449 383 570 280 546 330 661
 329 812 329 982 400 671 400 819 429 971  -1  -1 330 340  -1  -1 370 349][320 358 379 444 347 439 329 542 270 527 420 449 373 570 272 537 330 654
 329 811 329 981 400 665 400 819 429 970  -1  -1 330 340  -1  -1 364 349][320 359 379 442 348 439 329 534 266 523 420 449 371 570 270 525 330 656
 329 810 329 980 400 667 405 819 429 976  -1  -1 330 340  -1  -1 366 349][320 359 379 441 349 439 329 532 256 514 414 449 363 564 263 514 335 657
 329 810 329 980 400 663 407 819 429 973 330 340 330 345  -1  -1 367 355][320 359 379 440 344 439 329 531 253 504 416 449 361 554 261 503 337 658
 329 810 329 980 400 661 408 819 429 976 330 340 330 347  -1  -1 368 357][320 359 379 440 342 434 324 530 251 501 417 449 353 551 260 501 338 659
 329 810 329 980 405 660 409 819 429 973 330 340 335 348  -1  -1 375 354][320 354 379 434 341 432 322 530 250 493 413 449 356 543 260 500 339 659
 329 810 329 985 407 660 409 819 429 976 330 340 333 344  -1  -1 373 352][320 352 379 431 340 424 321 530 250 491 411 444 352 546 260 493 339 659
 329 810 329 987 404 660 409 819 429 973 330 340 332 342  -1  -1 371 351][320 351 379 430 340 426 320 530 250 490 415 442 354 542 260 491 339 659
 329 815 329 988 407 660 409 819 429 976 330 340 331 341  -1  -1 371 350][320 355 379 430 340 422 320 530 250 483 417 441 352 541 260 490 339 659
 329 817 329 989 408 660 409 819 429 978 330 340 330 340  -1  -1 376 350][320 352 374 430 334 421 314 530 250 481 418 445 350 540 265 490 339 659
 329 818 329 989 404 660 409 819 429 978 330 340 330 340  -1  -1 373 350][320 356 372 430 332 420 311 535 250 480 419 447 350 545 267 490 334 659
 329 819 329 989 402 660 409 819 429 979 330 340 330 340  -1  -1 372 350][320 358 371 430 335 420 311 533 250 484 419 448 355 547 268 490 336 659
 329 819 329 989 406 660 409 819 429 979 330 340 330 340  -1  -1 371 350][320 358 375 435 337 425 315 536 250 486 419 449 357 548 269 495 337 659
 329 819 329 989 407 660 409 819 435 979 330 340 330 345  -1  -1 376 350][320 365 377 437 333 427 317 538 250 494 419 449 358 555 264 504 333 659
 329 819 329 984 408 660 409 819 433 979 330 340 335 347  -1  -1 378 355][320 363 378 438 331 428 318 534 250 505 419 449 359 557 262 507 331 659
 329 819 329 986 409 660 409 819 436 979 324 340 337 348  -1  -1 378 353][320 367 379 445 331 435 319 537 255 508 419 449 365 558 266 509 331 659
 329 819 329 983 409 665 409 819 433 974 322 345 338 349  -1  -1 379 356][320 368 379 448 330 438 319 538 257 516 419 449 375 559 267 516 330 659
 329 819 329 986 409 667 409 819 432 972 321 343 339 349  -1  -1 379 358][320 369 374 449 330 439 319 539 258 518 419 449 385 559 275 518 330 659
 329 819 329 987 409 668 409 819 436 971 320 346 339 349  -1  -1 379 359][325 369 372 449 330 446 319 545 259 515 419 449 388 559 285 519 330 659
 329 819 329 988 409 669 409 819 433 970 320 348 339 355  -1  -1 379 359][323 369 371 449 330 448 306 555 254 514 419 449 405 559 295 515 330 659
 329 819 329 995 409 664 409 819 436 975 320 349 339 353  -1  -1 379 359][326 369 370 449 330 449 294 565 252 512 419 449 408 559 314 505 330 665
 329 819 329 993 409 666 409 819 438 977 320 349 339 357  -1  -1 379 359][328 369 370 449 324 449 291 562 251 511 425 455 409 559 326 502 330 667
 329 825 329 997 409 668 415 825 439 978 320 349 339 358  -1  -1 379 365][329 369 370 449 322 449 290 567 250 505 427 453 416 559 329 501 330 668
 329 827 329 998 409 668 417 827 439 979 320 355 339 359  -1  -1 379 368][329 369 370 449 314 449 290 568 255 502 428 456 418 565 329 505 330 669
 329 828 329 999 415 669 418 828 439 979 320 353 345 354  -1  -1 379 368][335 369 370 455 311 455 290 569 282 513 429 458 419 567 337 514 330 669
 329 829 329 999 413 669 419 824 439 979 325 352 347 357 320 370 379 369][338 369 370 458 310 458 275 569 296 525 429 459 419 568 338 517 330 669
 329 829 329 999 416 669 419 822 439 979 327 356 355 358 320 370 385 369][339 369 370 458 310 459 277 569 299 528 429 459 419 569 339 518 330 669
 329 829 329 999 413 669 419 826 439 979 328 358 358 358 320 370 387 369][339 369 370 459 310 459 278 569 299 525 429 459 419 564 346 514 330 669
 329 829 329 999 412 669 419 828 439 979 329 359 359 359 320 370 388 369][ 345  369  370  459  310  459  279  569  299  523  429  459  426  562
  356  505  330  669  329  829  329 1005  411  669  419  828  439  979
  335  359  366  359  320  370  389  369][ 348  375  370  459  310  459  284  569  296  515  429  459  428  566
  358  502  330  669  329  835  329 1008  410  669  419  829  439  979
  338  359  368  359  320  370  389  369][ 349  377  370  459  304  459  282  575  305  517  429  459  444  567
  375  513  330  669  329  833  329 1008  415  669  419  829  439  985
  339  365  369  359  320  370  389  369][ 349  378  370  459  301  459  281  573  316  518  429  459  441  568
  378  517  330  669  329  837  329 1009  417  669  419  824  439  987
  339  368  369  365  320  370  389  369][ 356  379  370  459  300  465  286  577  326  519  429  459  447  575
  386  518  330  675  329  838  329 1009  418  675  419  826  439  988
  339  369  369  367  325  370  389  369][ 358  379  370  459  300  463  287  573  336  525  429  459  444  578
  389  519  330  673  329  839  329 1009  419  673  419  828  439  989
  339  369  369  368  327  375  389  369][ 359  379  370  459  294  462  288  572  338  527  429  459  447  578
  389  519  330  672  329  839  329 1009  419  672  419  828  439  995
  339  369  369  369  328  373  389  369][ 359  379  364  459  291  461  289  571  339  524  429  459  448  579
  396  514  330  676  329  839  329 1009  419  676  419  829  445  998
  339  369  369  369  329  372  389  369][ 359  379  362  459  290  460  289  570  346  522  424  459  449  579
  406  505  330  678  335  839  329 1009  419  678  419  829  443  999
  345  369  369  369  329  371  389  369][ 365  379  361  459  290  460  289  575  348  521  422  459  449  579
  416  502  330  679  337  839  329 1009  419  679  419  829  442  999
  348  369  375  369  329  370  389  375][ 368  379  360  459  290  460  295  577  356  514  421  459  449  579
  426  505  330  674  338  839  329 1009  414  674  419  829  441  999
  348  369  378  369  329  370  389  377][ 369  379  360  459  290  460  293  574  366  512  420  459  449  574
  436  506  330  672  339  839  329 1009  412  672  419  829  440  994
  349  369  378  369  329  370  395  378][ 369  379  360  459  290  460  297  572  385  515  420  459  449  572
  432  507  330  671  339  834  329 1009  411  671  419  829  440  992
  349  369  379  369  329  370  397  379][ 369  379  354  459  290  460  298  571  396  517  414  459  449  571
  431  503  330  670  339  832  329 1009  415  670  419  824  440  991
  349  369  379  369  329  375  398  379][ 369  379  351  459  290  465  299  576  392  525  411  459  449  570
  436  501  330  670  339  831  329 1009  412  670  419  822  440  990
  355  369  379  369  329  377  394  379][ 369  379  350  459  290  463  299  573  397  516  410  459  449  570
  438  500  330  670  339  830  329 1009  411  670  419  821  440  990
  358  369  379  369  329  374  392  374][ 375  379  350  459  290  466  299  571  399  512  404  459  449  570
  446  500  330  670  339  830  329 1009  416  670  419  825  440  990
  359  369  379  369  329  372   -1   -1][ 378  379  344  459  290  463  305  571  399  504  401  459  444  570
  448  500  330  675  339  830  329 1009  413  670  419  827  440  990
  359  369  379  369  329  371   -1   -1][ 378  379  341  459  290  462  308  570  399  501  393  459  442  570
  449  494  330  677  339  830  329 1009  411  670  419  828  440  990
  359  369  379  369  329  370   -1   -1][ 379  379  340  459  290  461  309  570  406  500  391  459  441  570
  449  491  330  678  339  830  329 1009  411  670  419  824  440  990
  359  369  379  369  329  370   -1   -1][ 379  379  340  459  290  460  315  564  408  500  390  459  445  570
  449  495  330  679  339  835  329 1009  410  670  419  822  440  990
  359  369  379  369  329  370   -1   -1][ 379  379  340  459  290  460  318  566  409  500  394  459  447  570
  449  497  330  679  339  837  329 1009  410  670  419  826  440  990
  359  369  379  369  329  370   -1   -1][ 379  374  340  459  290  460  319  567  416  500  396  459  448  570
  456  498  330  679  339  834  329 1004  410  670  419  827  440  990
  359  364  379  364  329  370   -1   -1][ 379  372  340  454  290  460  326  563  418  500  398  454  444  570
  458  493  330  679  339  837  329 1002  410  670  419  823  440  990
  359  362  379  362  329  370   -1   -1][ 374  371  340  452  290  460  328  561  419  500  398  452  442  570
  459  491  330  674  339  838  329 1005  410  664  419  822  440  984
  359  361  379  361  329  370   -1   -1][ 372  370  340  451  290  454  329  560  419  500  399  451  441  564
  459  491  330  672  339  834  329 1007  410  662  419  821  440  982
  359  360  379  360  329  370  380  370][ 371  370  340  450  295  456  336  554  419  494  399  455  440  562
  459  490  330  671  339  832  329 1003  410  665  419  820  440  981
  359  360  379  360  329  370  380  370][ 370  370  340  455  297  457  338  551  426  491  399  457  440  561
  459  490  330  670  339  831  329 1001  410  667  419  820  440  980
  359  360  379  360  329  370   -1   -1][ 370  370  340  453  294  458  346  544  435  491  399  453  440  554
  459  490  330  670  339  830  329 1001  410  663  419  820  440  980
  359  360  379  360  329  370  390  370][ 370  370  340  451  297  459  356  541  438  484  399  451  434  551
  465  490  330  670  339  830  329 1000  410  661  419  820  440  980
  359  360  379  360  329  370  390  370][ 370  370  340  451  298  459  358  540  446  481  399  451  431  550
  468  484  330  670  339  830  329 1005  410  665  419  820  440  980
  359  360  379  360  329  370  390  370][ 370  370  345  455  299  459  359  540  448  473  399  450  431  543
  468  474  330  670  339  830  329 1003  410  663  419  820  440  980
  354  360  379  360  329  370  390  370][370 370 347 453 299 459 359 540 449 471 399 450 430 541 464 476 335 670
 339 824 329 995 410 661 419 820 434 980 352 360 379 360 324 370 395 370][370 370 348 451 299 459 366 540 449 470 399 450 430 540 462 477 337 670
 339 822 329 992 410 661 419 820 432 980 355 354 379 360 326 370 397 370][370 370 344 451 299 459 368 540 449 470 394 450 430 540 461 473 338 670
 339 821 329 995 410 660 419 820 435 980 357 352 379 360 327 370 398 370][370 370 342 450 299 459 369 540 449 470 392 450 430 540 460 471 339 670
 339 820 329 992 410 660 419 820 432 974 358 351 379 360 328 370 394 370][370 370 341 450 299 459 369 540 456 470 395 450 430 540 460 470 339 670
 339 820 329 991 410 660 419 820 431 972 359 350 379 360 329 370 392 370][370 370 340 450 299 459 369 540 453 470 392 450 430 540 465 470 339 670
 339 820 329 990 410 660 419 820 430 971 359 350 379 360 329 364 396 370][370 370 340 450 299 454 369 540 457 470 391 450 430 540 467 470 339 670
 339 820 329 990 410 660 419 820 430 970 359 350 379 354 329 362 398 370][370 370 345 450 299 452 369 540 454 470 395 450 430 540 464 470 339 670
 339 820 329 984 410 660 419 814 430 970 359 350 379 352 329 361 398 370][370 370 347 450 299 451 364 540 452 470 397 450 430 540 462 475 339 664
 339 820 329 981 415 660 419 812 430 970 359 350 379 351 329 360 399 364][370 370 348 450 299 450 354 540 451 470 398 450 435 540 461 473 339 662
 339 820 329 980 417 660 419 811 430 964 359 350 379 350 329 360 399 362][370 370 349 450 299 450 352 540 451 464 399 450 437 540 466 471 339 661
 339 814 329 980 418 654 419 810 430 961 359 350 379 350 329 360 399 361][370 370 349 450 299 450 355 540 450 466 399 444 434 540 475 471 339 660
 339 816 329 985 419 652 419 810 430 965 359 344 379 350 329 360 399 360][370 364 349 450 299 450 344 540 444 467 399 442 437 540 473 470 339 654
 339 813 329 987 419 651 419 810 435 967 359 342 379 350 329 354 399 360][370 362 349 444 299 450 341 540 442 468 399 441 445 540 465 475 339 656
 339 816 329 988 419 650 419 810 437 968 359 341 379 344 329 351 399 360][370 361 349 442 294 444 340 540 434 469 399 440 448 540 462 473 339 657
 339 817 329 989 419 655 419 815 438 968 359 340 379 341 329 351 399 354][370 360 349 441 292 441 333 540 424 469 399 440 449 540 461 472 339 658
 339 818 329 984 419 652 419 813 439 969 359 340 379 341 329 350 399 351][370 360 349 440 291 441 331 540 421 469 399 440 449 540 460 471 339 653
 339 819 329 982 419 651 419 811 439 969 359 340 379 340 329 344 399 350][370 360 349 440 290 440 330 540 420 469 399 434 449 540 460 470 339 651
 339 814 329 981 419 651 419 811 439 969 359 340 379 340 329 341 399 350][370 360 349 434 295 440 323 540 420 469 399 431 449 540 454 464 339 650
 339 816 329 985 419 650 419 810 439 964 359 340 379 340 329 340 399 350][370 354 349 431 293 434 321 534 420 469 399 430 449 540 451 462 339 650
 339 813 330 987 419 650 419 810 439 962 359 340 379 340 329 340 399 344][370 351 355 430 296 436 320 532 413 469 405 430 449 540 450 461 339 650
 339 811 330 988 419 644 419 810 439 961 359 340 379 340 329 340 399 341][370 351 357 430 298 437 313 535 411 469 407 430 455 540 450 460 339 650
 339 810 330 984 419 646 419 810 439 960 359 340 379 340 329 340 399 340][370 350 358 430 298 438 311 532 403 469 415 430 458 534 444 454 339 644
 339 810 330 982 419 642 419 804 439 960 359 340 379 340 329 340 405 345][375 350 365 430 299 433 310 536 394 469 418 430 458 536 441 451 334 646
 339 810 330 981 419 641 419 802 439 960 359 340 379 334 329 340 407 342][377 350 368 424 299 424 310 533 383 469 426 424 459 533 440 450 332 642
 339 810 330 980 419 640 419 801 439 965 359 340 379 336 335 340 408 341][374 350 369 421 299 426 303 536 373 475 428 421 454 531 433 450 331 641
 339 810 330 980 419 640 419 800 439 963 359 340 379 337 337 340 409 340][372 350 369 420 299 433 301 533 371 473 425 421 452 530 424 450 330 640
 339 810 330 980 419 640 419 800 439 966 359 340 379 338 334 340 409 340][376 350 369 425 299 436 300 531 370 472 435 420 456 530 413 455 330 640
 339 810 330 980 419 640 419 800 439 963 359 340 385 339 337 340 409 345][378 350 369 427 305 438 300 536 370 471 438 420 457 535 411 457 330 640
 339 810 330 974 419 640 419 800 439 962 359 334 387 333 338 340 409 343][378 350 375 428 307 434 300 537 363 470 439 420 453 537 410 458 330 640
 339 810 330 976 419 640 419 794 439 961 365 332 388 331 339 340 409 341][374 350 373 423 308 432 300 533 345 464 439 420 452 538 410 459 330 640
 339 810 330 977 419 640 419 791 439 960 363 331 384 331 339 340 409 341][372 350 377 422 309 424 294 532 341 454 439 420 451 539 410 459 330 640
 339 810 330 973 419 640 419 791 439 954 362 330 382 330 339 340 409 340][371 344 378 421 309 421 291 531 333 456 439 420 450 539 403 459 330 640
 334 810 330 971 419 645 419 790 434 952 361 330 381 330 339 340 409 340][370 342 379 420 309 425 290 535 330 463 439 420 450 539 394 454 330 645
 332 810 330 970 419 647 419 790 432 951 354 330 380 330 339 340 409 340][370 341 379 420 309 427 290 533 330 466 439 420 444 534 383 452 330 643
 331 804 330 970 419 644 419 790 435 950 352 330 380 330 334 340 409 340][370 340 379 420 309 423 284 531 330 468 439 420 434 532 373 455 330 642
 330 802 330 970 419 642 419 790 437 950 351 330 380 330 332 334 404 340][370 340 379 420 309 421 281 531 330 468 439 420 431 531 354 464 330 641
 330 805 330 970 419 641 419 790 438 950 350 330 380 330 331 332 402 340][370 340 379 420 315 420 280 530 315 469 439 420 430 530 351 463 330 640
 330 802 330 970 419 640 419 790 439 950 350 330 380 330 330 331 401 340][364 340 379 420 317 414 285 530 303 469 439 420 430 524 350 462 330 640
 330 801 330 970 419 640 419 795 439 950 350 330 380 330 330 330 400 340][362 340 379 420 314 411 287 530 301 469 439 420 430 526 350 461 330 640
 335 800 330 970 419 640 419 793 439 950 344 324 374 324 330 330 400 334][361 340 379 420 312 410 283 530 300 469 439 420 423 522 343 461 330 640
 333 805 330 975 419 640 419 792 439 950 341 322 372 326 330 330 400 332][360 340 379 420 316 415 281 530 300 469 439 420 421 525 341 460 330 640
 331 807 330 977 419 640 419 796 439 950 340 325 371 327 330 330 400 335][360 340 379 420 318 417 281 530 300 469 439 420 420 522 340 460 330 640
 331 808 330 978 419 640 419 798 439 950 340 327 370 328 330 330 400 337][360 340 379 420 318 418 280 530 300 469 439 420 420 521 340 460 330 640
 330 809 330 979 419 640 419 798 439 950 340 328 370 329 330 335 405 338][360 340 379 420 319 425 285 530 300 469 439 420 420 520 340 460 330 640
 330 809 330 979 419 640 419 799 439 950 340 329 370 329 330 337 403 333][360 340 379 420 319 423 287 530 300 469 439 420 420 520 340 460 330 640
 330 809 330 974 419 640 419 799 439 950 340 329 370 324 330 334 402 331][360 340 379 420 319 422 288 530 300 464 439 420 420 520 340 460 330 640
 330 809 330 972 419 640 419 799 439 950 340 329 370 326 330 337 401 331][360 340 379 420 325 426 289 530 294 454 439 420 420 520 340 460 330 640
 330 804 330 971 419 640 419 799 439 950 340 329 370 327 330 338 400 330][360 345 379 420 328 435 289 530 291 456 439 420 405 520 334 460 330 640
 330 806 330 970 419 640 419 799 439 950 340 329 370 328 330 339 400 330][354 347 379 425 328 433 289 530 290 457 439 420 402 520 324 460 330 640
 330 803 330 970 419 640 419 799 439 950 340 329 370 329 330 339 400 335][356 348 385 427 329 437 295 530 290 464 445 420 400 514 321 460 330 640
 330 801 330 970 414 640 420 799 439 950 340 329 370 329 330 339 405 333][353 349 387 428 335 434 298 530 290 462 443 420 393 516 320 460 330 640
 330 800 330 970 412 640 420 799 434 950 340 329 370 329 330 339 403 331][351 344 384 429 333 437 298 524 284 454 442 420 391 517 320 460 330 640
 330 800 330 970 411 640 414 799 432 950 340 329 370 329 330 339 402 331][350 342 382 424 332 434 299 526 286 452 441 420 390 518 320 460 330 640
 330 800 330 970 410 640 412 799 431 950 340 329 370 329 330 339 401 330][350 346 381 426 331 432 299 527 282 451 440 420 383 519 320 454 330 640
 330 800 330 970 410 640 411 799 430 950 340 329 370 329 330 339 400 330][350 347 380 423 331 431 299 528 281 450 440 420 381 519 320 452 330 640
 330 800 330 970 410 640 410 799 435 950 340 329 370 329 330 339 400 335][350 348 380 426 330 431 299 529 274 450 440 420 373 519 314 451 330 640
 330 805 330 970 410 645 410 799 437 950 340 335 370 329 330 339 400 337][350 349 380 423 336 430 305 523 271 450 440 420 371 519 311 450 330 640
 330 803 330 970 410 643 410 799 438 950 334 333 370 329 330 339 400 334][350 349 380 421 338 424 308 521 270 450 440 420 363 519 304 450 330 640
 330 801 330 970 410 642 410 799 439 950 332 332 370 329 335 339 400 332][350 349 380 421 334 422 308 521 270 450 434 420 361 519 294 450 330 634
 330 801 330 970 410 641 410 799 439 950 335 331 370 329 333 339 400 331][350 349 380 420 332 414 309 514 263 450 432 420 360 514 291 450 330 636
 330 800 330 970 410 640 410 799 439 950 337 330 370 329 332 339 400 330][350 349 380 420 331 411 309 511 261 444 431 420 353 516 283 450 335 637
 330 800 330 970 410 640 410 799 439 950 338 330 370 329 331 339 400 330][350 349 380 420 330 410 309 515 260 441 430 420 351 517 281 450 337 633
 330 800 330 970 410 640 410 799 439 950 333 330 370 329 330 339 400 330][350 349 380 420 330 410 309 512 260 441 430 420 343 513 273 450 334 636
 330 800 330 970 410 640 410 799 439 950 331 330 370 329 330 339 400 330][350 349 380 414 330 410 304 511 253 434 430 420 341 511 263 450 332 633
 330 800 330 970 410 640 410 799 439 950 331 330 364 329 330 339 400 330][344 349 380 416 330 410 302 510 251 435 430 420 340 504 261 450 331 631
 330 800 330 970 410 640 410 799 439 950 330 330 362 329 330 339 400 330][342 349 380 417 330 415 301 510 250 437 424 420 340 501 260 450 330 635
 330 800 330 970 410 640 410 799 439 950 330 330 361 329 330 339 394 330][341 349 380 413 330 413 300 510 250 433 421 420 333 500 253 444 330 633
 330 800 330 970 410 640 410 799 439 955 330 330 360 329 330 339 392 330][340 349 380 411 330 411 300 504 250 431 421 420 331 500 256 442 330 636
 330 800 330 970 410 640 410 799 439 957 330 330 360 329 330 339 391 330][340 349 374 410 330 411 300 501 244 430 420 420 323 505 257 441 330 633
 330 800 330 970 410 640 410 799 439 958 330 330 354 329  -1  -1 390 330][340 349 376 410 330 410 300 500 246 435 420 420 321 502 258 445 335 631
 330 800 330 970 410 640 410 799 439 959 330 330 351 329 330 350 390 330][334 349 377 415 330 410 294 500 247 432 420 420 320 501 253 442 333 636
 330 800 330 970 410 640 410 799 439 959 330 335 350 329  -1  -1 390 330][336 349 378 417 330 415 296 505 243 431 420 420 320 500 244 446 336 637
 330 800 330 970 410 640 410 799 439 959 324 337 350 329  -1  -1 390 330][332 349 379 418 335 417 297 514 241 436 420 420 320 500 241 448 338 638
 330 800 330 970 410 640 410 799 439 959 322 338 350 329  -1  -1 390 330][336 349 379 419 337 418 298 517 234 453 420 420 325 500 244 455 339 639
 330 800 330 970 410 640 410 799 439 954 325 339 350 329  -1  -1 390 330][332 349 379 419 334 419 299 526 231 465 420 420 327 500 242 465 339 639
 330 800 330 970 410 640 410 799 439 956 327 339 350 329  -1  -1 390 335][331 349 379 419 332 419 299 528 223 476 420 420 335 500 245 468 339 639
 330 800 330 970 410 640 410 799 439 953 328 334 350 329  -1  -1 390 337][335 349 379 419 336 419 305 525 226 478 420 420 337 505 242 476 339 639
 330 800 330 970 410 640 410 799 434 951 329 332 350 329 320 340 384 338][333 349 379 419 333 419 307 516 227 487 414 420 338 515 241 494 334 639
 330 800 330 970 410 640 410 799 436 950 324 331 350 329  -1  -1 382 339][331 349 374 419 331 425 315 517 228 489 416 420 346 518 245 498 336 639
 330 800 330 970 410 640 410 799 437 950 322 330 350 329  -1  -1 381 339][331 349 372 419 331 428 313 525 234 505 417 420 355 519 247 507 338 639
 330 800 330 970 410 640 410 799 438 955 321 335 350 329 320 350 380 339][330 349 371 419 330 424 312 516 237 508 418 420 358 519 248 509 333 634
 330 800 330 970 410 640 410 799 439 953 320 337 344 335 314 350 380 339][330 349 370 419 324 434 305 517 245 509 419 420 366 526 249 516 331 636
 330 800 330 970 410 640 410 799 439 951 320 338 346 337 316 350 380 339][330 349 370 419 322 432 302 524 248 516 419 420 368 528 255 526 331 633
 330 794 330 970 410 640 410 799 439 956 320 339 347 334 317 350 380 339][335 349 370 419 321 437 301 527 249 518 419 420 369 529 253 536 330 636
 330 792 330 970 410 640 410 799 439 953 320 339 348 332 313 344 380 339][333 349 370 419 314 434 300 528 249 535 419 420 376 536 257 539 330 637
 330 791 330 964 410 640 410 794 439 951 320 334 343 331 316 342 380 339][332 349 370 419 311 432 294 535 249 538 419 420 378 538 258 539 330 638
 330 795 330 962 410 640 410 792 439 951 320 332 346 330 313 341 380 339][331 349 370 419 310 436 296 538 249 539 419 420 379 535 265 539 330 639
 330 797 330 961 410 640 410 791 439 956 320 335 347 330 311 340 380 339][330 349 370 419 303 438 297 534 249 539 419 420 379 533 268 546 330 639
 330 798 330 960 410 640 410 790 439 953 320 337 343 335 310 340 380 339][330 349 364 419 301 439 293 532 255 546 419 420 386 532 276 556 330 639
 330 799 330 960 410 640 410 790 439 956 320 338 341 337 310 340 380 339][330 349 362 425 300 439 291 536 258 548 414 420 395 536 285 558 330 639
 330 799 330 965 410 640 410 790 439 958 320 339 341 338 304 340 380 339][330 349 361 427 300 439 290 538 259 556 416 420 398 538 296 566 330 639
 330 799 330 967 410 640 415 790 439 959 320 339 345 334 301 340 380 339][330 349 360 424 300 434 284 534 259 558 413 420 406 539 306 568 330 639
 330 799 330 968 410 640 417 795 439 959 320 339 347 332 300 340 380 339][330 349 360 422 300 432 286 525 259 559 416 420 408 534 308 576 330 634
 330 799 330 969 410 634 418 793 439 954 320 334 348 331 300 340 380 339][330 349 360 421 300 431 287 522 259 559 417 420 416 532 316 573 324 636
 330 799 330 969 410 636 419 791 439 952 320 332 349 330 300 340 380 339][330 349 360 420 300 430 283 521 265 559 418 420 418 531 326 577 322 637
 330 799 330 969 410 637 419 791 439 951 320 331 349 330 300 340 380 339][330 349 360 420 294 430 281 520 283 566 419 420 419 530 336 578 325 633
 330 799 330 969 410 633 419 790 439 950 320 330 349 330 300 340 380 339][335 349 354 425 291 430 274 520 296 568 419 420 419 530 346 579 322 636
 330 799 330 969 410 636 419 790 439 950 320 330 349 330 305 340 380 339][337 349 351 427 291 435 264 525 306 576 419 420 426 530 356 574 321 637
 330 799 330 969 410 637 419 790 439 950 320 330 349 330 307 340 380 339][338 349 351 428 284 437 261 534 316 573 419 420 435 530 367 577 320 638
 330 799 330 969 410 638 419 790 439 950 320 330 349 330 308 340 380 339][339 344 350 429 281 434 260 537 319 572 419 420 438 530 369 578 320 639
 330 799 330 969 410 639 419 790 439 950 320 330 349 330 309 340 380 339][334 342 350 429 280 432 260 534 314 565 419 420 446 524 394 579 320 639
 330 799 330 969 410 639 419 790 439 950 320 330 349 330 309 340 380 339][336 341 350 429 280 431 260 537 318 562 419 420 448 514 407 574 320 639
 330 799 330 969 410 639 419 790 439 950 325 330 349 330 309 340 380 339][338 340 350 429 280 436 265 538 334 566 419 420 449 511 417 556 325 639
 330 799 330 969 410 634 419 784 434 950 327 330 349 330 309 340 380 339][338 340 350 429 280 433 267 539 338 567 419 420 449 510 419 552 327 639
 330 799 330 969 410 636 419 786 432 950 328 330 349 330 309 340 380 339][339 340 350 429 280 436 275 539 355 568 419 420 449 510 427 550 328 639
 330 799 330 969 410 633 419 787 431 950 329 330 349 330 309 340 380 339][339 340 350 429 280 433 277 539 366 564 419 420 456 510 429 550 329 639
 335 799 330 969 410 636 419 788 430 950 329 330 355 330 309 340 380 334][339 340 350 424 280 432 278 539 369 546 419 420 458 510 437 543 324 639
 337 799 330 969 410 633 419 789 430 950 329 330 357 330 309 340 380 332][339 340 344 422 280 431 279 539 377 534 419 420 454 523 439 533 322 639
 338 799 330 969 410 631 419 789 430 950 329 330 358 330 309 340 380 331][339 340 342 421 280 424 279 539 379 523 419 420 452 522  -1  -1 321 634
 339 799 330 969 410 630 419 789 430 950 329 330 359 324 309 334 380 330][339 340 341 420 280 422 285 534 379 513 414 420 451 521 450 500 320 632
 334 799 330 969 410 630 419 789 430 950 329 330 359 326 309 332 380 330][339 340 340 420 280 421 288 532 386 502 412 420 444 526 455 494 320 631
 332 799 330 969 410 630 419 789 435 950 329 330 359 323 309 331 380 330][339 340 340 420 280 420 289 531 388 492 411 420 446 528 453 484 320 630
 331 799 330 969 410 624 419 789 437 950 329 330 359 321 309 330 380 330][339 340 340 420 280 420 289 524 396 490 410 420 447 529 452 481 320 630
 330 799 330 969 410 626 419 789 434 950 329 330 359 325 309 330 380 330][339 340 340 420 280 420 289 521 398 482 404 420 443 529 451 465 320 630
 330 799 330 969 410 622 419 789 432 950 329 330 359 327 309 335 380 330][339 340 340 420 274 420 289 505 406 464 401 420 446 529 450 453 320 630
 330 799 330 969 410 626 419 789 431 950 329 330 359 328 309 337 380 335][339 340 340 420 276 420 289 501 408 453 400 420 447 529 450 443 320 630
 330 799 330 969 410 622 419 789 430 950 329 330 359 329 309 338 380 337][339 340 340 420 277 420 295 500 406 450 405 420 448 524 450 440 320 630
 330 799 330 964 410 626 419 789 430 950 329 330 365 324 309 339 380 334][339 340 340 414 278 414 293 500 408 434 407 414 449 522 450 432 320 635
 330 799 330 962 410 627 419 789 435 950 329 324 367 322 309 334 380 332][339 340 340 412 279 411 297 500 409 431 408 412 449 514 450 423 320 633
 330 799 330 961 410 628 419 789 437 950 329 322 364 321 309 332 380 331][339 340 340 411 279 415 298 493 409 422 409 411 455 504 450 413 320 632
 335 799 330 960 410 623 419 784 438 950 329 325 367 320 309 336 380 330][339 340 340 410 279 417 299 491 409 412 409 410 457 501 450 410 320 631
 337 799 330 960 410 622 419 782 439 950 329 327 363 325 309 337 380 330][339 340 340 410 285 413 299 483 409 410 409 410 458 500 450 402 320 630
 338 794 330 960 410 621 419 781 439 950 329 328 366 323 309 338 380 330][345 340 345 410 287 416 299 481 404 410 409 410 459 493 450 393 320 624
 339 792 330 960 410 620 419 780 439 950 329 329 368 321 309 339 380 330][343 340 347 410 288 413 294 473 402 410 409 410 459 491 450 391 325 622
 339 795 330 960 410 620 419 780 434 950 329 329 364 321 309 339 380 330][342 334 348 410 289 416 292 471 401 403 409 404 459 483 450 383 323 625
 334 797 330 960 410 620 419 780 432 950 329 324 362 320 309 334 380 330][346 332 355 415 295 417 296 470 405 385 415 406 459 473 450 373 326 627
 332 798 330 960 410 625 419 785 431 950 329 326 366 320 315 336 380 330][348 335 358 413 298 418 293 470 403 381 417 407 459 471 444 363 328 628
 331 799 330 960 410 623 419 787 430 950 335 327 367 320 313 338 385 330][349 332 359 411 299 414 296 463 401 372 418 408 459 470 434 353 329 629
 330 799 330 965 410 621 419 788 430 950 333 328 368 320 316 333 387 330][349 331 359 411 299 412 293 461 377 379 419 403 459 463 424 357 329 624
 330 799 330 967 410 621 419 784 435 950 336 323 369 320 318 331 388 330][349 330 359 410 299 411 291 460 372 372 414 401 454 461 421 358 329 622
 330 794 330 968 410 620 419 782 437 950 338 321 369 314 319 331 389 330][349 330 359 404 299 410 291 460 345 381 412 394 452 460 413 381 329 621
 330 792 330 969 415 620 419 781 438 950 339 314 369 312 319 324 389 330][372 316 359 402 299 410 290 460 341 380 411 384 451 460 411 387 329 614
 330 791 330 969 413 614 419 780 439 950 354 304 383 304 325 321 384 330][386 304 359 394 299 410 276 460 340 380 410 381 450 460 410 396 329 616
 330 790 330 969 412 612 419 780 439 950 365 293 395 294 335 320  -1  -1][379 301 359 384 299 396 272 460 340 380 415 380 450 453 403 379 329 617
 330 795 330 969 416 611 419 780 439 950 360 291 389 291 333 305 400 310][369 300 359 381 299 392 270 454 332 365 417 380 444 451 393 374 329 618
 330 797 330 969 418 615 419 780 439 950 356 290 377 290 331 307 400 310][347 303 365 384 299 390 270 451 331 362 418 380 434 443 391 356 329 618
 330 798 330 969 419 617 419 780 439 950 337 293 365 294 325 308 386 310][342 301 367 385 299 383 263 450 323 372 419 385 424 446 383 358 329 619
 330 794 330 969 414 618 419 780 439 950 332 291 354 292 315 309 387 310][333 300 368 393 305 386 261 450 313 383 419 394 413 434 373 335 329 619
 330 792 330 969 412 619 419 785 439 950 331 290 343 291  -1  -1 382 304][323 300 369 397 307 387 260 455 303 387 419 397 394 423 363 331 329 619
 330 791 330 969 411 619 419 787 439 950 330 283 341 290  -1  -1 381 302][327 305 369 405 308 394 260 457 307 358 419 405 383 404 353 322 329 619
 330 790 330 969 410 619 419 788 439 950 330 293 340 295  -1  -1 380 305][322 307 369 403 309 392 260 458 302 352 419 408 380 408 350 326 329 619
 330 790 330 969 410 619 419 789 439 950 315 291 333 297  -1  -1 380 307][320 308 369 407 309 396 260 459 293 350 419 409 387 429 342 328 329 619
 330 790 330 969 410 619 419 784 439 950  -1  -1 331 298  -1  -1 380 308][332 315 369 404 304 398 260 459 291 343 419 409 391 429 340 329 329 619
 330 790 330 969 410 619 419 782 439 944 340 300 342 305  -1  -1 385 315][344 317 369 402 302 398 260 459 290 346 425 404 394 436 333 334 329 619
 330 790 330 969 410 619 419 781 439 942 345 305 346 303 360 330 387 317][355 325 369 401 301 399 260 459 283 347 423 402 412 454 350 362 329 619
 330 790 330 964 410 619 419 780 439 941 347 307 363 314 337 324 395 325][366 328 369 406 300 399 254 465 286 362 426 406 411 451 336 356 329 619
 330 790 330 962 410 619 419 780 439 940 355 315 375 318 332 326 405 328][368 336 369 408 300 405 251 467 282 367 428 408 405 446 324 358 329 619
 330 790 330 961 415 619 419 780 439 940 358 325 378 326 330 327 408 336][369 338 369 409 300 408 251 475 281 368 429 408 395 448 313 355 329 625
 330 790 330 960 413 619 419 780 439 940 359 328 379 328 330 328 409 338][369 339 369 409 300 408 250 478 273 369 429 409 392 449 303 354 329 627
 330 790 330 960 416 625 419 780 439 945 359 329 379 329 330 329 409 339][369 339 369 409 300 409 244 479 264 376 429 409 395 456 301 357 324 628
 330 790 330 960 413 623 419 780 439 947 359 329 379 329 330 329 409 339][369 339 369 409 300 409 246 486 261 385 429 409 397 465 305 374 326 629
 330 790 330 960 412 622 419 785 439 948 359 329 379 329 330 329 409 339][369 339 369 409 300 409 247 488 260 388 429 409 393 468 301 386 323 629
 330 795 330 960 411 626 419 787 439 949 354 329 379 329 330 329 409 339][369 339 369 409 300 409 248 496 253 396 429 409 391 469 300 388 321 629
 330 797 330 965 416 628 419 788 439 949 352 324 379 329 330 329 409 339][369 339 369 409 300 409 255 498 251 398 429 409 390 476 300 396 320 635
 330 798 330 967 418 629 419 789 439 949 351 322 379 329 330 329 409 339][364 339 369 409 300 409 253 499 250 406 429 409 390 478 300 406 320 638
 330 799 330 968 414 629 419 789 439 949 350 321 379 329 330 329 404 334][366 339 369 409 300 415 256 499 250 408 429 409 390 479 300 408 320 639
 330 799 330 969 416 629 419 789 439 949 350 325 379 329 330 329 406 336][363 339 369 409 300 413 253 499 255 424 429 409 384 479 300 416 320 639
 330 799 330 969 413 629 419 789 439 949 350 327 379 329 330 329 403 333][361 339 369 409 300 412 256 506 257 436 429 415 381 486 300 426 320 634
 330 799 330 969 411 629 419 789 439 949 350 323 379 329 330 329 401 331][360 339 369 415 305 416 258 515 253 438 429 417 380 488 294 428 320 637
 330 799 330 969 411 629 419 789 439 949 344 326 379 329 330 329 400 335][360 339 369 417 307 418 259 526 251 439 429 418 385 496 291 436 320 638
 330 799 330 969 410 629 419 789 439 949 341 328 379 329 330 335 400 337][360 339 369 418 308 419 259 528 251 446 429 419 394 498 290 438 320 638
 330 799 330 969 410 629 419 789 439 949 341 328 374 329 330 337 400 338][360 339 375 419 309 419 259 529 250 448 429 419 397 499 290 446 320 639
 330 799 330 969 410 629 419 789 439 949 340 329 372 329 330 338 400 334][360 345 373 419 309 425 259 529 250 456 429 419 405 499 295 448 320 639
 330 799 330 969 410 629 419 789 439 949 340 329 371 329 330 339 400 332][360 343 376 419 309 428 259 529 250 466 435 419 408 499 297 456 325 639
 330 799 330 969 410 629 419 789 439 944 340 329 370 329 330 339 400 331][360 346 378 419 309 429 265 529 255 468 437 419 409 506 305 458 327 634
 330 799 330 969 410 629 419 789 439 942 340 329 370 329 330 339 400 330][360 343 374 419 309 424 267 536 257 485 438 419 409 508 307 466 328 632
 330 799 330 969 410 629 419 789 439 941 340 329 370 329 330 339 400 330][354 342 372 419 309 422 268 534 258 496 434 419 409 509 315 476 329 631
 330 799 330 969 410 629 419 789 439 945 340 329 370 329 330 339 400 330][352 341 371 419 309 421 269 537 259 507 432 419 416 516 325 486 329 630
 330 799 330 969 410 629 419 789 439 947 340 329 370 329 330 339 400 330][351 340 370 419 309 426 275 538 259 509 431 419 418 518 323 496 329 630
 330 799 330 969 410 629 419 789 439 948 340 329 370 329 324 339 394 330][350 340 370 419 309 427 273 534 259 509 430 419 419 519 321 499 329 630
 330 799 330 969 410 629 419 789 439 949 340 329 370 329 322 339 392 330][350 340 370 419 309 428 284 537 259 509 430 419 419 519 321 507 329 630
 330 799 330 969 410 629 419 789 439 949 340 329 370 329 321 339 391 330][350 340 370 419 304 429 282 538 259 506 430 419 426 519 326 509 329 630
 330 799 330 969 410 629 419 789 439 949 340 329 370 329 320 339 390 330][350 340 370 419 302 429 287 539 259 504 430 419 428 519 328 516 329 630
 330 799 330 969 410 629 419 789 439 949 340 329 370 324 320 339 390 330][350 340 370 419 301 429 284 526 265 502 430 419 429 519 335 518 329 630
 330 799 330 964 410 629 419 789 439 949 340 329 370 322 320 339 390 330][350 340 370 419 294 429 283 533 283 514 430 419 429 525 338 526 329 630
 330 799 330 962 410 629 419 789 439 949 340 329 370 321 320 339 390 330][350 340 364 419 291 429 275 536 296 525 430 419 436 528 354 528 329 630
 330 799 330 961 415 629 419 789 439 949 340 329 370 320 320 334 390 330][350 340 362 419 290 429 265 538 298 536 430 419 438 529 358 529 329 630
 330 799 330 960 417 629 419 789 439 949 340 324 370 320 320 332 390 330][350 340 361 419 290 429 261 538 299 538 430 419 446 524 366 529 329 630
 330 794 330 960 414 629 419 789 439 949 340 322 370 320 320 331 390 330][350 340 360 419 290 429 260 539 306 539 430 419 448 522 376 536 329 630
 330 792 330 960 412 629 420 784 439 949 340 321 370 320 320 330 390 330][350 334 360 419 290 424 260 539 308 539 430 419 456 526 386 534 329 630
 330 791 330 960 416 629 420 782 439 949 334 320 370 320 320 330 390 330][350 332 360 419 290 422 260 539 316 539 430 419 458 523 396 537 329 630
 330 795 330 960 418 629 420 781 439 949 332 320 370 320 320 330 384 330][350 331 354 419 290 425 260 545 318 539 430 419 459 521 406 538 329 630
 330 797 330 965 418 629 420 780 439 949 331 320 370 320 320 330 382 330][350 330 351 419 284 422 265 547 319 539 424 419 459 521 417 539 329 635
 335 798 330 967 419 629 420 780 439 949 330 320 370 320 320 330 381 330][350 330 350 419 281 421 262 548 319 539 422 419 459 514 419 539 329 637
 337 799 330 964 419 629 420 780 439 949 330 320 370 320 320 330 380 330][350 330 350 419 281 420 261 544 319 539 421 419 459 512 419 539 329 638
 338 799 330 967 419 629 420 780 439 949 330 320 370 320 320 330 380 330][350 330 350 419 280 420 266 542 326 545 425 419 459 515 419 539 329 634
 339 794 330 968 419 629 420 780 439 944 330 320 370 314 320 330 380 330][350 330 355 419 285 425 267 541 335 555 427 419 459 517 416 539 329 632
 339 792 330 964 419 629 420 780 439 942 330 320 370 312 320 330 380 330][350 330 357 419 287 427 268 540 338 558 428 419 459 518 418 539 329 631
 339 791 330 962 419 629 420 780 439 941 335 314 370 311 320 330 380 330][350 330 358 419 288 428 269 540 339 559 429 419 459 518 419 539 329 630
 339 790 330 961 419 629 420 780 439 940 333 316 370 310 320 330 380 330][350 330 359 419 289 429 275 540 346 559 429 419 459 519 419 539 329 630
 339 790 330 960 419 629 420 780 439 945 336 313 370 310 320 330 380 330][350 330 359 419 289 429 273 540 344 559 429 419 459 519 419 539 329 630
 339 795 330 960 419 629 420 780 439 943 338 316 370 310 320 330 380 330][350 330 359 419 289 429 272 540 342 559 429 419 459 519 425 539 329 630
 339 797 330 965 419 629 420 780 439 941 339 317 370 310 320 330 380 330][350 330 359 419 289 429 276 540 346 559 429 419 459 514 423 539 329 635
 339 798 330 967 419 629 420 780 439 946 339 318 370 310 320 330 380 330][350 330 359 419 289 429 278 540 348 565 429 419 459 512 422 539 329 633
 339 799 330 968 419 629 420 780 439 947 334 319 370 315 320 330 380 330][350 330 359 419 289 429 279 540 349 563 429 419 459 511 421 539 329 632
 339 799 330 969 419 629 420 780 439 948 332 319 370 317 320 330 380 330][350 330 359 419 289 429 274 540 349 562 429 419 459 510 421 539 329 631
 339 799 330 969 419 629 420 780 439 949 331 319 370 318 320 330 380 330][350 330 359 419 289 429 277 540 349 561 429 419 459 510 420 539 329 630
 339 799 330 969 419 629 420 780 439 944 335 319 370 319 320 330 380 330][350 330 359 419 289 429 273 540 349 554 429 419 459 510 420 539 329 630
 339 799 330 969 419 629 420 780 439 946 337 319 370 319 320 330 380 330][350 330 359 419 289 429 276 540 349 552 429 419 459 515 420 539 329 630
 339 799 330 969 419 629 420 780 439 948 338 314 370 314 320 330 380 330][350 330 359 419 289 429 278 540 349 551 429 419 459 517 420 539 329 630
 339 799 330 969 419 629 420 780 439 948 339 312 370 312 320 330 380 330][350 330 359 419 289 429 278 540 349 550 429 419 459 518 420 539 329 635
 339 799 330 969 419 629 420 785 439 949 339 311 370 311 320 330 385 330][355 330 359 419 289 429 279 540 344 550 429 419 459 519 414 539 329 637
 339 799 330 969 419 629 420 787 439 949 339 310 370 310 320 330 383 330][357 330 359 419 289 429 274 540 342 550 429 419 459 519 412 539 329 638
 339 799 330 969 419 629 420 788 439 949 339 310 370 310 320 330 386 330][358 330 359 419 289 429 276 540 345 550 435 419 459 519 411 539 329 639
 339 799 330 969 419 629 420 789 439 949 339 315 370 310 320 330 388 330][359 330 359 419 289 429 278 540 347 550 437 419 459 519 410 539 329 639
 339 799 330 969 419 629 420 789 439 949 339 317 370 310 320 330 389 330][359 330 359 425 289 429 273 540 343 555 434 419 459 519 410 539 329 639
 339 799 330 969 419 629 420 789 439 949 339 318 370 310 320 330 389 330][359 330 359 423 289 429 271 540 341 557 437 419 459 519 410 539 329 639
 339 799 330 969 419 629 420 789 439 949 339 319 370 315 320 330 389 330][359 330 359 422 289 429 275 540 341 558 438 419 459 519 410 539 329 634
 339 799 330 964 419 629 420 789 439 949 339 319 370 317 320 330 389 330][359 330 365 426 289 435 277 540 340 554 439 419 459 519 410 539 329 632
 339 799 330 962 419 629 420 789 439 949 339 319 370 318 320 330 389 330][354 330 367 423 289 437 278 540 340 552 439 419 459 519 410 539 329 631
 339 799 330 961 419 629 420 789 439 949 339 319 370 319 320 330 389 330]