[162 185 167 210 137 215 127 160 147 110 192 215 202 155 187 110 147 330
 147 410 137 495 187 330 182 405 182 475 157 180 172 180 152 185 182 185][162 185 167 210 137 212 127 160 137 107 192 215 204 157 189 110 144 330
 147 410 137 495 187 330 182 405 182 475 157 180 172 180 149 185 182 185][162 185 167 210 137 213 124 162 130 106 192 215 205 158 197 107 143 330
 144 410 137 495 187 330 184 405 182 475 157 180 172 180 148 185 182 185][162 185 167 212 137 214 123 163 121 107 192 215 206 159 203 111 142 330
 143 410 137 495 187 330 185 405 182 475 157 180 172 180 147 185 182 185][162 185 167 213 137 214 116 166 110 111 192 215 212 162 217 113 144 330
 142 410 137 495 187 330 186 405 182 475 157 180 172 180 147 185 182 185][162 185 164 212 134 214 110 171 100 116 192 215 218 166 224 120 145 330
 142 410 137 495 187 330 186 405 182 475 157 180 169 180 147 185 182 185][162 185 165 213 133 214 101 173  90 121 194 215 223 171 237 123 146 330
 142 410 139 495 187 330 186 405 182 475 157 180 168 177 144 185 182 185][162 185 166 213 132 214  98 177  80 126 193 215 229 180 248 135 146 330
 144 410 140 495 187 330 186 405 182 475 157 180 167 178 145 185 182 185][162 185 166 217 132 217  94 185  65 140 195 217 234 186 259 138 146 330
 145 410 141 495 187 330 186 405 184 475 157 180 167 179 145 185 182 185][162 185 166 221 132 221  89 191  54 151 195 218 239 192 269 150 146 330
 146 410 141 495 187 330 186 405 185 475 157 180 167 179 146 187 179 185][162 185 166 223 132 223  88 201  48 165 196 221 244 201 279 165 146 330
 146 410 141 495 187 332 186 405 186 475 157 180 169 179 146 186 180 185][162 185 166 224 132 224  87 211  43 181 199 223 245 207 289 176 146 330
 146 410 141 495 187 331 186 405 186 475 157 180 168 179 146 188 181 185][162 185 166 224 129 224  84 221  34 192 200 224 249 216 295 191 146 330
 146 410 141 495 187 330 186 405 186 475 157 180 167 179 146 188 181 185][162 185 166 224 128 224  83 223  32 211 201 224 254 222 300 206 146 330
 146 410 141 495 187 330 186 402 186 475 157 180 167 179 146 189 181 185][162 185 166 227 129 227  82 236  32 226 201 227 252 235 298 226 146 330
 146 410 141 495 187 330 186 403 186 475 157 180 169 179 146 187 181 185][162 185 166 228 130 228  84 242  34 246 201 228 250 246 295 241 146 330
 146 410 141 495 187 330 186 404 186 475 157 180 170 179 146 186 181 185][164 185 166 229 131 229  88 251  37 266 201 229 246 261 294 261 146 330
 146 410 141 495 187 330 186 404 186 475 159 180 171 179 146 185 181 185][165 185 166 229 131 229  89 261  42 282 201 229 241 267 287 281 146 330
 146 410 141 495 187 330 186 404 186 475 160 180 171 179 146 185 181 187][166 185 166 229 131 229  97 267  51 292 199 229 231 273 277 297 146 330
 146 410 141 495 187 330 186 404 186 475 161 180 171 179 146 185 181 188][166 185 166 229 134 232 103 273  62 307 200 229 229 278 266 307 146 330
 146 410 141 495 187 330 186 404 186 475 161 180 171 179 149 185 181 187][166 185 166 232 133 233 105 281  72 322 201 232 224 283 251 317 146 330
 146 410 141 495 187 330 186 404 186 475 161 180 171 179 150 185 181 186][166 185 166 231 135 232 117 284  92 328 201 231 219 284 236 327 146 330
 146 410 141 495 189 330 186 404 186 475 161 180 174 179 151 185 184 185][166 185 166 231 135 231 124 288 103 333 201 231 214 288 225 333 146 332
 146 410 141 492 190 330 186 404 186 475 161 180 175 179 151 185 185 185][166 185 166 230 136 230 129 289 118 338 201 230 209 289 210 334 146 331
 146 410 141 491 189 330 186 407 186 475 161 180 176 179 151 185 186 185][166 185 166 230 136 230 131 289 125 339 201 230 208 287 207 329 146 330
 146 410 141 492 188 330 186 406 186 475 161 180 176 179 151 185 186 185][166 185 166 230 136 230 131 289 122 339 201 230 207 288 210 333 146 330
 146 410 141 491 187 330 186 405 186 475 161 180 176 179 151 185 186 185][166 185 166 230 136 230 129 289 118 339 201 230 208 289 214 334 146 330
 146 410 141 491 187 330 186 405 186 475 161 180 176 179 151 185 186 185][166 185 166 230 136 230 128 289 113 338 201 230 212 289 228 332 146 332
 146 410 141 490 187 330 186 405 186 475 161 180 176 179 151 185 186 185][166 185 166 230 136 230 118 284  85 322 201 230 221 280 245 312 146 331
 146 410 141 490 187 330 186 405 186 475 161 180 176 179 151 185 186 185][166 185 166 230 136 230 106 279  66 309 201 230 232 277 271 307 146 331
 146 410 141 490 187 330 186 405 186 475 161 180 176 179 151 185 186 185][166 185 166 230 136 230  96 273  50 290 201 230 238 273 283 290 146 330
 146 410 141 490 187 330 186 405 186 475 161 180 176 179 151 185 186 185][166 185 166 230 134 230  89 264  39 269 204 230 244 268 294 274 146 330
 146 410 141 490 189 330 186 405 186 475 161 180 176 179 151 185 186 185][166 185 166 230 133 230  84 249  29 244 205 230 257 254 308 249 146 330
 146 410 141 490 190 330 186 405 186 475 161 180 176 179 151 185 186 185][166 185 166 230 130 230  75 234  27 214 208 230 264 239 311 224 146 330
 146 410 141 490 191 332 186 405 186 475 161 180 176 179 151 185 186 185][166 185 169 230 128 227  76 223  30 193 210 230 266 228 311 203 146 330
 146 410 141 490 191 331 186 405 186 475 161 180 176 177 151 185 186 185][166 185 170 227 127 226  76 208  33 172 211 230 270 213 309 178 146 330
 146 407 141 490 191 330 186 405 186 475 161 177 176 176 151 185 186 185][166 185 171 226 129 223  78 193  40 152 211 227 268 194 304 158 146 330
 146 406 141 490 191 330 186 405 186 475 161 176 176 175 151 185 186 185][166 185 171 223 130 218  79 182  50 137 209 223 263 186 293 146 146 330
 146 407 141 490 191 330 186 405 186 475 161 175 176 175 151 185 186 185][166 182 171 218 133 216  86 176  70 126 208 218 257 177 282 128 146 330
 146 408 141 490 191 330 186 405 186 475 161 175 176 175 151 185 186 185][169 181 171 216 138 215  96 171  83 125 205 216 251 171 267 121 146 330
 146 409 141 490 191 330 186 405 186 475 161 175 179 175 151 185 186 185][168 180 171 212 140 212 107 170  98 117 203 212 241 162 251 112 146 330
 146 409 141 490 191 330 186 405 186 475 161 175 178 175 151 185 186 185][170 180 169 211 141 213 114 166 109 111 203 211 226 156 231 110 146 330
 146 407 141 490 191 330 186 405 186 475 161 172 180 175 151 185 186 182][170 180 168 210 141 213 119 162 119 106 202 212 223 155 223 106 146 330
 146 406 141 490 191 330 186 405 186 475 161 171 180 175 154 185 186 181][171 180 167 210 141 212 124 160 129 105 202 213 211 155 210 105 149 327
 146 405 141 490 191 330 186 405 186 475 161 170 181 175 155 185 186 180][171 180 169 210 141 211 129 160 139 107 199 211 208 155 199 105 148 326
 146 405 141 490 191 327 186 405 186 475 161 172 181 175 158 182 186 180][171 180 170 210 141 210 131 157 149 106 198 210 207 155 193 107 147 325
 146 405 141 490 191 326 186 405 186 475 161 173 181 175 160 183 186 180][169 180 171 210 141 210 134 155 159 107 199 210 207 155 188 108 147 325
 146 405 141 490 191 325 186 405 186 475 161 174 181 175 159 184 186 182][168 180 171 210 141 210 139 155 161 108 198 210 207 155 187 109 149 325
 146 405 141 490 191 325 186 405 186 475 161 174 179 175 158 184 186 181][167 180 169 210 141 210 138 155 158 106 197 210 204 152 187 109 150 325
 146 405 141 490 191 325 186 405 186 475 161 174 178 175 160 184 186 180][167 180 168 210 141 210 136 155 155 105 197 210 205 151 189 107 151 325
 146 405 141 490 194 325 186 405 186 475 161 172 177 172 158 184 186 180][167 180 167 210 141 210 131 157 148 105 197 210 205 152 195 106 151 325
 146 405 141 490 195 325 186 405 186 475 161 171 179 173 158 184 186 180][167 180 167 210 141 210 129 161 137 105 197 210 208 151 198 105 149 325
 146 405 141 490 194 325 186 405 186 475 161 172 178 174 157 184 186 180][167 180 167 210 141 210 125 162 130 105 199 210 213 152 211 105 150 325
 146 405 141 490 195 327 186 405 186 475 161 171 178 174 154 184 186 180][167 180 167 210 141 210 120 163 116 107 200 210 218 153 218 107 151 325
 146 405 141 490 195 328 186 405 186 475 161 173 177 174 153 184 186 182][167 180 167 210 141 212 111 167 105 115 201 210 227 160 236 108 151 325
 146 405 141 490 196 327 186 405 186 475 161 173 177 174 150 184 186 183][167 180 167 210 139 213 105 171  90 121 201 210 237 166 244 115 151 325
 146 405 141 490 196 326 186 405 186 475 161 174 177 172 148 184 186 184][167 180 167 212 138 214  99 176  84 130 201 212 240 175 258 125 151 325
 146 405 141 487 196 325 186 402 186 475 161 174 177 171 147 184 186 184][167 180 167 213 137 217  90 189  61 154 201 213 244 186 277 144 151 325
 146 405 141 486 196 325 189 401 186 475 161 172 177 170 149 184 186 184][167 180 167 216 137 218  84 201  49 166 201 214 253 196 289 156 151 325
 146 405 141 485 196 325 190 400 186 475 161 173 177 170 148 184 186 184][167 180 167 218 137 219  82 207  43 181 201 214 255 206 295 175 151 325
 146 405 144 485 196 325 191 400 186 475 161 171 177 170 149 184 186 182][167 177 167 219 134 219  82 216  42 196 204 214 259 212 304 191 151 325
 146 405 145 485 196 325 191 400 186 475 161 171 177 170 150 182 186 181][167 178 167 219 133 219  82 222  34 216 205 217 261 221 306 211 151 325
 149 402 146 485 196 325 191 400 186 475 161 170 177 170 151 181 186 180][167 176 167 222 132 222  83 240  36 231 206 218 261 236 306 226 149 325
 150 401 146 485 196 325 191 400 189 472 161 170 177 170 151 180 186 180][167 178 167 223 134 223  87 247  38 247 206 219 257 246 306 246 150 325
 151 402 146 485 196 325 191 400 190 471 161 170 177 170 151 180 186 180][167 178 169 224 135 224  92 257  41 271 206 222 251 257 303 262 151 325
 151 403 146 485 196 325 191 400 191 470 161 170 177 170 151 180 186 180][167 179 170 224 138 224  98 263  50 287 204 223 246 263 293 281 151 325
 151 404 146 485 196 325 191 400 191 470 161 170 177 170 151 180 186 180][167 179 171 224 140 224 103 268  61 302 203 224 240 264 286 297 151 325
 151 404 146 485 194 325 191 400 191 470 161 170 177 170 151 180 186 180][167 179 171 224 140 227 108 273  76 312 204 224 235 268 267 303 151 325
 151 404 146 485 193 327 191 400 191 470 161 170 177 170 151 180 186 180][169 179 171 224 141 228 122 281  97 327 203 224 229 272 255 312 151 327
 154 404 146 485 194 326 191 400 191 470 161 170 177 170 154 180 186 180][170 177 171 224 141 227 125 283 104 329 205 224 224 281 240 322 151 328
 155 404 146 487 195 328 191 400 191 470 164 170 179 170 155 177 186 180][171 176 171 224 141 226 129 284 118 333 205 224 223 283 229 328 151 329
 156 404 146 488 196 328 191 402 191 470 165 170 180 170 156 176 186 180][171 175 171 224 141 225 134 284 125 334 206 227 219 284 223 333 151 329
 156 404 146 489 196 329 191 403 191 470 166 170 181 170 156 175 186 180][171 177 171 224 141 225 136 284 126 334 206 228 218 284 222 331 151 329
 156 404 146 489 196 329 191 404 191 470 166 170 181 170 156 175 186 180][171 178 171 224 141 225 134 284 121 332 206 227 219 284 226 330 154 329
 156 404 149 489 199 329 191 404 191 470 166 170 181 170 156 177 186 180][171 179 171 224 141 225 131 284 115 329 206 226 220 283 233 328 155 329
 156 404 148 489 198 329 191 404 191 467 166 170 181 170 156 178 186 180][171 179 171 224 141 225 129 282 103 325 206 225 223 279 249 321 156 329
 156 404 147 489 197 329 191 402 191 468 166 170 181 170 156 179 186 180][171 177 171 224 141 225 125 275  87 311 206 225 227 274 266 314 156 329
 156 404 147 489 197 329 191 403 191 469 166 170 181 170 156 179 186 180][171 176 171 224 141 225 112 268  76 295 206 225 237 272 278 300 156 329
 156 404 147 489 197 329 191 401 191 469 166 170 181 170 156 179 186 180][171 175 174 224 141 225 105 266  65 283 206 225 243 268 293 284 156 327
 156 404 147 489 197 327 191 401 191 469 166 170 181 170 156 179 189 180][171 175 173 224 139 225  99 254  50 260 206 225 249 259 299 264 156 326
 156 404 147 489 199 326 191 400 191 469 166 170 181 170 156 179 190 180][171 175 172 224 138 225  90 247  44 238 209 225 258 249 309 244 154 325
 156 404 147 489 200 325 191 397 191 467 166 170 181 170 156 179 191 177][171 175 174 224 135 225  84 234  42 214 213 225 268 234 315 223 153 325
 156 404 147 489 201 325 191 398 191 468 166 170 181 170 156 179 191 176][171 175 173 224 133 222  82 219  42 193 215 222 270 223 313 198 152 327
 156 404 147 489 201 327 191 399 191 468 166 170 181 170 156 179 191 175][171 175 175 222 132 221  79 208  44 173 216 221 271 208 312 173 152 326
 154 404 147 489 201 328 191 399 194 469 166 170 181 170 156 179 191 175][171 175 175 218 134 218  80 193  50 153 216 220 269 193 308 153 154 325
 155 404 147 489 201 327 191 399 193 469 166 170 181 170 156 179 191 175][171 175 176 216 135 216  82 182  61 137 214 217 266 182 294 141 153 325
 156 404 147 489 201 326 191 399 195 469 166 170 181 170 156 179 191 175][174 177 176 212 138 212  99 172  85 118 210 213 253 163 273 113 152 325
 156 404 147 487 199 325 191 399 195 469 166 170 181 170 156 179 191 177][175 178 176 211 140 211 108 166 102 107 208 208 249 152 256 106 154 325
 156 404 147 486 198 325 191 399 196 472 166 170 181 170 156 179 191 178][176 177 176 210 140 210 118 161 118 105 205 209 236 150 240 101 155 325
 156 404 147 485 197 325 191 399 196 473 166 170 181 170 156 179 191 177][176 178 174 210 141 210 120 160 125 105 203 209 225 150 225  96 156 325
 156 404 147 485 197 325 191 399 196 474 166 170 181 170 159 179 191 176][176 178 173 210 141 210 128 156 138 105 202 209 215 150 210  98 156 325
 156 404 147 485 197 325 194 399 196 474 166 170 181 170 160 179 191 177][174 179 172 207 141 207 134 155 153 101 202 207 213 152 203 102 154 325
 156 404 147 487 197 325 195 402 196 474 166 172 181 170 161 179 189 178][173 182 174 206 141 208 139 152 164 103 202 206 208 151 194 103 153 325
 156 404 149 488 197 325 196 403 196 474 166 176 181 172 159 179 188 179][172 183 173 207 144 208 144 153 166 104 202 207 207 154 192 105 154 325
 156 404 150 489 197 325 196 404 196 474 166 178 181 173 158 182 187 179][174 184 175 208 145 209 146 154 166 104 202 208 207 154 195 105 155 325
 156 404 149 489 197 325 196 404 196 474 166 179 181 174 159 183 187 179][175 184 175 209 146 209 144 154 164 104 202 208 207 154 196 107 156 325
 156 404 150 489 197 325 196 404 196 474 166 177 181 174 160 184 187 179][174 182 176 207 144 209 141 154 158 104 202 207 207 154 198 106 156 325
 156 404 148 489 197 325 196 404 196 474 166 176 181 172 161 182 187 179][173 181 176 206 143 209 136 156 152 107 202 206 208 152 199 105 156 325
 156 404 150 489 197 325 196 404 196 474 166 176 181 173 161 181 187 179][172 182 174 207 142 209 131 161 146 106 202 207 216 153 206 105 156 327
 156 404 148 489 199 327 196 404 196 474 166 175 181 174 161 180 189 179][172 183 173 208 142 212 125 163 132 107 202 211 219 156 216 105 156 328
 156 407 150 489 198 328 196 404 196 474 166 175 181 174 159 182 190 182][172 184 172 211 142 213 123 166 125 111 202 213 223 161 227 107 156 329
 156 408 148 492 200 329 194 404 196 474 166 175 181 174 155 183 191 183][172 184 172 213 142 214 119 171 111 116 202 213 232 170 238 115 156 329
 156 409 150 493 200 329 193 404 194 474 166 175 181 174 153 184 191 184][172 184 172 213 142 214 111 176 100 125 202 214 238 173 252 121 154 329
 156 409 150 492 199 329 192 404 195 474 166 175 181 174 152 184 191 184][172 184 172 217 139 217 105 182  90 135 202 217 244 181 263 130 153 329
 156 407 149 491 198 329 192 404 196 474 166 177 181 177 152 187 191 187][172 184 172 218 138 218  99 187  79 146 204 218 245 187 274 141 154 329
 156 408 148 490 197 329 192 404 194 474 166 178 181 178 152 188 191 188][172 184 172 222 137 221  98 196  65 160 205 222 249 192 284 155 153 329
 156 407 147 490 197 329 192 404 193 474 164 179 181 179 152 189 189 189][172 184 172 223 137 223  97 206  58 176 206 223 254 201 290 166 153 329
 156 406 147 490 197 329 192 404 192 474 163 179 179 179 152 189 188 187][169 184 172 224 137 224  94 216  49 187 206 224 255 207 299 181 152 329
 156 405 147 490 197 329 192 404 194 474 162 179 178 179 152 189 187 186][168 184 172 224 137 224  89 222  43 201 206 224 259 220 304 192 152 329
 156 407 147 490 197 329 192 404 193 474 162 179 177 179 154 189 187 185][167 184 172 227 137 227  88 227  42 216 206 224 260 227 310 215 152 329
 156 408 147 490 197 329 192 404 192 474 162 179 177 179 155 187 187 185][167 184 172 228 137 228  89 240  42 236 206 224 261 241 308 231 152 329
 156 409 147 492 197 329 192 404 192 474 162 179 177 179 156 186 187 185][167 184 172 229 137 229  92 247  44 247 206 227 256 247 307 247 152 329
 156 409 147 491 197 329 192 404 192 474 162 179 177 179 156 185 187 185][167 184 172 229 139 229  94 256  45 266 206 228 254 257 305 266 152 329
 156 409 147 493 197 329 192 404 192 474 162 179 177 179 156 187 187 185][167 187 172 229 140 229  98 266  48 286 206 229 253 267 301 282 152 329
 156 409 147 493 194 329 192 404 192 474 162 179 177 179 154 188 187 185][167 186 172 232 141 232 103 269  56 302 204 229 246 269 288 297 152 332
 156 409 147 494 193 329 192 404 192 474 162 179 177 179 155 187 187 187][167 185 172 233 141 233 116 281  84 321 205 232 236 281 263 321 152 333
 156 409 147 492 192 332 192 404 192 474 162 179 177 179 156 186 187 188][167 187 172 234 141 234 123 287  98 332 206 233 230 287 246 332 152 334
 156 409 147 491 194 333 192 407 192 474 162 179 177 179 156 185 187 187][167 188 172 234 141 234 125 289 109 338 206 234 224 292 230 338 152 334
 156 409 147 492 195 334 192 408 192 474 162 179 177 179 156 185 187 186][167 189 172 234 141 234 133 289 123 343 206 234 219 291 223 339 152 334
 156 409 147 491 194 334 192 409 192 474 162 179 177 179 156 185 187 185][167 189 172 234 141 234 135 289 134 338 206 234 217 290 222 336 152 334
 156 409 147 493 195 334 192 407 192 474 162 179 177 179 156 185 187 185][169 187 172 234 141 232 136 289 129 342 206 234 217 290 222 335 152 334
 156 409 147 491 195 334 192 406 192 474 162 179 177 179 156 185 187 185][170 186 172 234 141 231 134 289 125 341 206 234 217 290 224 338 152 334
 156 409 147 493 194 334 192 407 192 474 162 179 177 179 156 185 187 185][171 185 172 234 141 232 131 289 119 340 206 234 221 290 230 336 152 334
 156 409 147 491 195 334 192 406 192 474 162 179 179 179 156 185 187 185][171 185 172 234 141 231 129 289 108 338 206 234 224 290 240 330 154 334
 156 409 147 491 195 334 192 406 192 474 162 179 180 179 156 185 187 185][171 185 172 232 141 231 125 287  92 330 206 234 228 287 256 324 155 334
 156 409 147 490 196 334 192 405 192 474 162 179 181 179 156 185 187 185][171 185 172 231 141 230 120 283  81 315 206 234 233 283 267 314 156 332
 156 409 147 492 196 332 192 405 192 474 164 179 181 179 156 185 189 185][171 185 172 232 141 232 111 274  66 304 206 234 238 274 278 304 156 333
 156 409 147 493 196 333 192 405 192 474 165 179 181 179 156 187 190 185][171 187 172 233 141 233 105 268  55 293 206 234 247 268 293 289 156 331
 156 409 147 492 196 331 192 405 192 474 166 179 181 179 156 188 191 185][171 188 174 232 139 232  95 258  44 274 209 232 254 262 304 269 156 331
 156 407 147 491 199 331 192 402 192 474 164 182 181 179 156 189 191 187][171 189 175 231 138 231  85 248  34 249 210 231 263 249 318 249 156 330
 156 406 147 490 200 330 192 401 192 474 163 183 181 179 156 189 191 188][171 187 176 230 135 230  83 234  32 224 213 230 269 234 321 224 156 330
 156 407 147 490 201 330 192 400 192 474 164 182 181 179 156 189 191 187][171 186 176 227 133 230  82 223  35 203 215 227 271 223 321 198 154 330
 156 406 147 490 201 330 192 400 192 474 165 181 181 179 156 189 191 186][171 185 176 226 132 227  79 208  38 178 216 226 271 212 317 178 155 330
 156 406 147 490 201 330 192 400 192 474 166 180 181 179 156 189 191 185][171 185 176 225 134 226  81 197  45 162 216 225 269 194 313 153 156 330
 156 405 147 490 201 330 192 400 192 474 166 180 181 179 156 189 191 185][174 185 176 225 135 223  86 187  56 147 214 225 266 186 294 150 156 330
 156 405 147 490 201 330 192 402 192 474 166 180 181 177 156 189 191 185][173 185 176 219 138 218  92 181  75 132 213 219 257 177 281 128 156 330
 156 405 147 490 201 330 192 403 192 474 166 180 181 176 156 187 191 185][175 185 176 216 140 216 106 176  88 126 210 216 250 171 266 121 156 330
 156 405 147 490 201 330 192 404 192 474 166 177 181 175 156 186 191 185][175 182 176 216 140 215 113 171 103 117 208 212 241 162 250 112 156 330
 156 405 147 490 201 330 192 404 192 474 166 176 181 175 156 185 191 182][176 183 174 212 141 215 119 170 118 111 205 211 230 152 235 106 156 330
 156 407 147 490 201 330 192 404 192 474 166 175 181 175 156 185 191 181][176 184 175 211 141 212 124 166 129 106 203 210 224 154 224 105 156 327
 156 406 147 490 201 330 192 404 192 474 166 177 181 175 159 185 194 180][176 184 176 210 144 211 129 162 143 105 202 210 215 154 210 108 156 326
 156 405 147 490 201 327 192 404 192 474 166 176 181 175 160 182 193 180][176 184 176 210 145 210 138 157 154 105 202 210 209 157 203 109 156 325
 156 405 149 490 201 326 192 404 192 474 166 177 181 175 161 183 192 180][176 184 176 210 146 210 144 152 164 107 202 210 207 155 194 109 156 325
 156 405 150 490 201 325 192 404 192 474 166 178 181 175 161 183 190 180][176 184 176 210 146 210 146 150 166 108 202 210 207 157 192 109 156 325
 156 405 149 490 201 325 192 404 192 474 166 179 181 175 161 184 188 180][176 184 176 210 146 210 146 150 163 106 202 210 207 156 195 109 156 325
 156 405 148 490 201 325 192 404 192 474 166 179 181 175 161 184 188 180][176 184 176 210 146 210 144 154 155 107 202 210 207 155 198 109 156 325
 156 405 147 490 201 325 192 404 192 474 166 179 181 175 161 184 189 180][176 184 176 210 146 210 137 160 148 108 202 210 208 155 199 107 156 325
 156 405 147 490 201 325 192 404 192 474 166 177 181 175 161 182 190 180][176 184 176 210 146 210 131 165 141 108 202 210 216 155 210 106 156 327
 156 407 147 490 201 327 192 404 192 474 166 178 181 175 161 181 191 180][176 184 176 210 144 212 125 168 131 109 202 210 219 157 217 105 156 328
 156 408 147 490 201 328 194 404 192 474 166 176 181 175 159 182 191 180][176 184 176 212 143 213 123 168 121 115 202 212 227 158 231 110 156 329
 156 407 147 490 201 329 195 404 192 474 166 176 181 175 158 183 191 180][176 184 174 213 142 214 115 172 110 121 202 213 237 165 243 116 156 329
 156 406 147 490 201 329 196 404 194 474 166 175 181 175 157 184 191 182][176 184 175 216 142 214 110 176  96 130 204 214 244 175 257 125 156 329
 156 405 147 490 201 329 196 404 195 474 166 177 181 175 157 184 191 183][176 184 173 218 142 217 104 185  85 140 205 217 245 181 264 140 156 329
 156 405 147 490 201 329 196 402 196 474 166 178 181 175 157 184 191 184][176 184 173 222 142 221  99 191  70 155 206 221 249 191 278 151 159 327
 156 405 147 490 201 329 196 403 196 474 166 179 181 175 157 187 191 184][174 184 172 223 142 223  98 205  63 170 206 223 254 201 289 166 158 326
 156 405 147 490 201 329 196 401 196 474 166 179 181 177 157 188 191 184][173 184 174 224 142 224  97 216  58 190 209 224 259 211 295 185 157 325
 156 405 147 490 201 327 196 401 196 474 166 179 181 178 157 189 191 184][174 184 175 224 142 224  94 226  53 206 210 224 260 221 300 201 157 327
 156 405 149 490 201 328 196 402 196 474 166 179 181 179 157 189 191 184][175 184 176 227 142 227  95 241  48 226 211 224 261 231 305 221 157 328
 156 405 150 490 201 329 196 403 196 474 166 179 181 179 157 189 191 184][176 184 176 228 142 228  95 247  44 246 209 227 260 246 306 241 157 329
 156 407 151 490 201 329 196 404 196 472 166 179 181 179 157 189 191 184][176 184 176 229 142 229  98 261  47 266 210 228 256 257 304 261 157 329
 156 408 151 490 201 329 196 404 196 473 166 179 181 179 157 189 191 184][176 184 176 229 142 229 103 264  59 286 209 229 251 263 298 281 157 329
 156 409 151 490 201 329 196 404 196 474 166 179 181 179 157 187 191 184][176 187 176 229 142 229 108 268  71 302 208 229 245 268 288 297 159 329
 156 409 151 490 201 329 194 404 196 474 166 182 181 179 157 186 191 184][176 188 176 229 142 232 113 276  82 321 207 229 236 269 272 312 160 329
 156 409 151 490 201 329 193 404 196 474 166 183 181 179 157 185 191 184][176 189 176 232 142 233 118 282  97 332 207 229 230 281 252 318 159 332
 156 409 151 490 201 332 192 404 196 474 166 184 181 179 157 187 191 187][176 189 176 233 142 234 120 287 104 338 207 232 228 287 240 332 158 333
 156 409 151 490 201 336 192 407 196 474 166 184 181 179 157 186 191 186][176 189 174 234 142 234 128 289 118 343 207 233 220 289 225 338 157 334
 156 409 151 490 199 336 192 408 196 474 166 182 181 179 157 186 191 185][179 189 173 232 142 232 130 289 133 341 207 232 214 287 214 332 159 334
 156 409 151 490 200 335 194 409 196 474 169 181 184 179 159 185 191 185][180 187 172 231 142 231 134 289 136 340 204 231 209 286 212 328 160 334
 156 409 151 490 201 335 195 409 196 474 170 180 185 179 160 185 191 185][181 186 172 230 142 230 132 289 130 343 203 230 207 285 215 329 159 334
 156 409 151 490 201 335 196 409 196 474 171 180 186 179 161 185 191 185][181 187 172 230 142 230 130 289 127 344 202 232 207 287 218 329 158 334
 156 409 151 490 199 335 194 409 196 474 174 180 186 179 161 185 189 185][184 186 169 230 142 230 126 289 114 344 202 231 209 287 221 329 157 334
 156 412 151 490 198 335 193 409 196 474 175 180 186 179 161 185  -1  -1][185 186 168 230 142 230 124 289 102 344 199 233 212 286 234 328 157 334
 159 411 151 490 197 335 192 409 196 474 176 180 186 179 161 185  -1  -1][186 185 167 230 142 230 116 289  91 343 198 231 214 283 242 320 157 334
 160 410 151 490 194 335 192 409 196 477 176 180 186 179 161 185  -1  -1][186 185 167 230 142 230 110 280  67 317 195 231 218 275 265 301 157 334
 161 410 151 490 193 335 192 409 196 478 179 180 186 179 161 185  -1  -1][186 185 164 230 139 230 101 273  55 304 193 230 223 268 278 288 154 337
 159 410 151 492 192 335 192 409 194 479 180 180 186 179 161 185  -1  -1][186 187 163 230 135 230  90 268  48 284 192 230 225 259 285 269 153 338
 158 410 151 493 192 335 192 409 193 477 179 182 186 179 159 187  -1  -1][186 188 162 230 133 230  84 254  43 259 192 230 232 248 290 249 152 337
 157 410 151 494 192 335 192 409 192 476 178 183 186 179 158 188  -1  -1][186 189 162 230 129 230  82 239  42 234 192 230 238 234 291 228 152 336
 157 410 151 494 192 335 189 407 192 475 177 184 186 179 157 189  -1  -1][186 189 162 230 128 230  82 228  45 208 194 230 240 227 289 212 152 335
 157 410 151 494 192 335 190 406 189 475 177 184 186 179 154 189  -1  -1][186 189 162 227 127 227  82 213  50 178 198 227 241 217 288 193 152 335
 157 410 151 494 192 332 191 407 188 475 177 184 186 179 153 189  -1  -1][186 189 164 226 129 226  83 202  60 162 197 226 241 208 286 173 152 335
 157 410 149 494 192 333 189 408 187 475 177 184 186 179 154 189  -1  -1][186 187 165 223 130 223  91 192  76 142 195 223 241 193 277 157 152 335
 154 412 148 494 192 334 188 409 187 475 177 184 186 179 153 189  -1  -1][186 186 166 218 133 221  94 178  87 127 195 218 236 182 267 142 152 335
 155 411 147 494 189 332 187 409 187 475 177 182 186 179 154 187  -1  -1][186 185 166 216 135 217 102 167  98 112 194 213 231 176 252 136 152 335
 156 411 149 494 188 331 187 409 187 475 179 181 186 179 155 186  -1  -1][186 185 164 215 138 216 116 165 113 106 190 215 221 171 240 127 152 332
 156 410 150 494 187 330 187 409 187 475 180 180 186 177 158 185  -1  -1][184 185 163 212 140 212 124 153 124  97 185 208 215 162 225 117 152 331
 156 410 151 494 187 330 187 409 187 475 181 180 186 178 163 185  -1  -1][183 187 162 213 141 215 126 159 134  99 183 210 205 160 210 111 152 330
 156 410 149 494 187 330 187 409 187 475 179 182 186 179 162 185  -1  -1][182 186 164 216 144 217 129 159 140  92 184 218 203 160 203 106 154 330
 156 410 148 494 187 330 187 409 187 475 178 181 186 177 162 185  -1  -1][182 185 165 217 145 218 138 156 145  86 185 222 199 160 198 108 155 330
 156 410 147 494 187 330 187 409 187 475 177 180 186 178 162 185  -1  -1][184 185 164 221 146 218 152 158 162  92 183 223  -1  -1  -1  -1 156 330
 156 410 147 494 187 330 187 409 187 475 177 182 186 178 162 185  -1  -1][185 185 165 221 146 219 163 158 169  97 183 224  -1  -1  -1  -1 156 330
 156 410 147 494 187 330 187 409 187 475 179 183 189 177 164 187  -1  -1][186 185 165 220 146 219 162 156 167 100 184 224  -1  -1  -1  -1 156 330
 156 410 147 497 187 330 187 409 187 475 180 182 190 176 165 186  -1  -1][186 185 166 220 146 217 165 157 167 102 183 224  -1  -1  -1  -1 156 330
 156 410 147 498 187 330 187 409 187 475 181 183 193 175 166 185  -1  -1][186 185 166 220 146 218 162 161 167 103 184 224  -1  -1  -1  -1 156 330
 156 410 147 499 187 330 187 409 187 475 181 183 195 175 166 185  -1  -1][186 185 166 220 146 216 153 162 167 101 183 224  -1  -1  -1  -1 159 327
 156 410 147 499 187 327 187 409 187 475 181 182 194 175 166 185  -1  -1][186 185 166 220 146 218 150 161 169 102 183 224  -1  -1  -1  -1 160 328
 156 410 147 499 187 328 187 409 187 475 181 181 195 172 166 185  -1  -1][189 185 166 220 146 218 153 158 168  94 182 222  -1  -1  -1  -1 161 326
 156 410 147 499 187 326 187 409 187 475 181 180 196 171 166 185  -1  -1][188 185 166 220 146 219 150 149 165  92 182 221 197 155 202 105 161 326
 156 410 147 499 187 326 187 407 187 475 181 182 191 172 166 185  -1  -1][187 185 166 217 146 219 148 146 157  93 182 218 199 157 202 105 159 325
 156 410 147 497 187 325 187 406 187 475 181 181 189 173 166 185  -1  -1][187 185 164 213 146 217 145 148 150  93 182 213 200 158 204 107 158 325
 156 410 147 496 187 325 187 405 187 475 181 181 188 174 166 185  -1  -1][187 185 165 211 146 216 143 151 145 100 184 211 201 161 216 111 157 327
 156 410 147 495 187 325 187 405 187 475 181 180 187 174 166 185  -1  -1][187 185 163 212 144 215 132 159 143 102 185 212 207 166 223 116 157 328
 156 407 147 492 187 325 187 405 187 475 184 180 187 174 166 185  -1  -1][187 185 163 213 143 215 128 170 131 110 186 213 217 171 237 125 157 327
 156 406 147 493 187 325 187 405 187 475 183 177 192 174 166 182  -1  -1][187 185 164 213 142 215 124 173 128 116 189 211 220 176 244 140 157 326
 156 405 147 494 187 325 187 402 187 472 182 178 190 177 166 181  -1  -1][187 185 165 214 142 215 123 177 120 126 193 211 224 182 249 151 157 325
 156 405 147 494 189 325 187 403 187 471 182 176 190 176 166 180  -1  -1][187 182 166 216 142 217 122 190 114 140 195 212 229 187 258 157 157 325
 156 405 147 494 190 327 187 403 187 470 182 176 189 175 161 180  -1  -1][187 183 166 218 142 218 115 193 109 151 194 216 230 196 264 166 157 327
 156 405 147 492 189 328 187 404 187 472 182 175 188 175 159 180  -1  -1][187 181 166 218 139 219 110 201 104 166 193 218 234 202 269 176 154 328
 156 405 147 491 190 329 187 404 187 473 182 175 187 175 158 180  -1  -1][187 181 166 222 138 222 108 211  99 181 193 218 233 215 274 191 155 329
 156 405 147 490 190 329 187 404 187 472 182 175 187 172 159 180  -1  -1][187 180 164 221 139 221 107 225  94 205 190 217 232 222 276 206 153 327
 156 405 147 490 189 327 187 402 187 471 182 175 187 171 160 180  -1  -1][187 180 165 221 140 220 104 228  89 217 188 218 230 227 279 221 155 328
 156 405 147 490 188 326 187 401 187 470 182 172 189 170 160 177  -1  -1][187 180 163 220 141 220 105 237  87 241 188 219 226 241 278 241 153 326
 156 405 147 490 187 325 187 400 187 470 182 171 190 170 161 176  -1  -1][187 180 163 220 141 218 105 246  87 257 187 219 226 247 277 248 153 326
 156 405 147 490 187 325 187 400 187 470 182 170 191 170 161 175  -1  -1][187 180 162 220 141 218 106 249  87 276 187 217 224 249 275 261 152 325
 156 405 147 490 187 325 187 400 187 470 182 170 191 170 161 175  -1  -1][187 180 164 220 141 219 106 257  88 296 189 218 223 261 271 281 152 325
 156 405 147 490 187 325 187 400 187 470 182 170 191 170 161 175  -1  -1][187 180 165 220 141 221 106 266  92 316 190 219 219 263 262 296 154 325
 156 405 147 490 187 325 187 400 187 470 182 170 191 170 161 175  -1  -1][187 180 166 222 141 223 109 281  97 332 191 219 218 271 247 303 155 325
 156 405 147 490 189 325 187 400 187 470 182 170 191 170 161 175  -1  -1][187 180 166 223 141 224 117 283 103 338 191 222 214 273 239 312 154 327
 156 405 147 490 190 327 187 402 187 470 182 170 191 170 161 175  -1  -1][187 180 166 224 141 224 119 284 108 343 194 223 210 277 226 326 153 328
 156 405 147 490 191 328 187 403 187 470 182 170 189 170 161 175  -1  -1][187 180 166 224 141 224 124 284 117 344 195 224 208 282 215 325 152 329
 154 405 147 487 191 329 187 404 187 470 182 170 188 170 161 175  -1  -1][187 180 166 224 139 224 125 284 124 341 196 222 204 281 209 319 154 329
 155 405 147 488 194 329 187 404 187 470 179 170 187 170 161 175  -1  -1][184 180 166 224 138 224 126 284 125 338 196 223 203 280 207 319 155 329
 153 405 147 489 193 329 187 404 187 470 178 170 187 170 159 175  -1  -1][183 180 166 224 137 224 126 284 124 339 196 224 204 280 207 326 154 329
 153 407 147 489 193 332 187 404 187 470 175 170 187 170 158 175  -1  -1][182 180 166 224 137 224 126 284 123 337 199 224 207 280 214 325 153 329
 152 406 147 487 192 331 187 404 184 467 173 170 187 170 157 172 187 180][179 180 166 224 137 224 124 284 117 336 200 224 212 280 221 325 152 329
 152 405 147 486 192 331 187 404 183 466 169 170 184 170 157 173 187 180][178 180 166 224 137 224 120 282 107 333 201 224 218 280 235 323 152 329
 149 405 147 485 192 330 187 404 182 465 168 170 183 170 157 174 187 180][174 180 166 224 137 224 115 278  92 329 201 227 227 280 251 315 152 327
 148 405 147 485 192 330 187 404 184 467 167 170 182 170 157 174 187 180][173 180 166 224 137 224 110 273  76 315 201 226 233 274 267 305 152 326
 147 405 144 485 192 327 187 404 185 468 167 170 182 170 157 174 187 180][169 177 166 224 137 224 105 264  69 295 201 225 239 268 278 294 149 327
 147 405 143 487 189 326 187 404 184 469 164 170 179 170 154 174 187 180][168 176 166 224 137 222  99 254  59 279 204 225 244 263 289 279 148 326
 147 405 142 488 188 325 187 402 183 469 163 170 178 170 153 174 187 177][167 175 169 224 134 223  90 247  49 259 205 225 253 249 299 255 147 326
 147 405 142 489 187 325 187 401 182 467 162 170 177 170 152 174 187 176][167 175 170 222 133 221  84 229  44 210 208 222 263 230 305 215 147 325
 147 405 142 489 189 325 187 400 182 468 162 170 174 170 152 174 187 175][164 175 173 218 132 218  86 213  48 187 210 221 265 213 303 193 147 325
 147 405 142 489 190 327 187 400 182 468 162 170 173 170 149 174 187 175][163 175 173 216 134 216  86 198  51 172 211 218 266 202 299 172 147 322
 147 405 142 487 191 326 187 400 182 469 159 170 172 170 148 174 187 175][162 175 172 212 135 212  86 187  56 152 211 213 263 196 289 152 147 321
 147 402 142 486 191 325 187 400 182 469 158 170 172 170 147 177 187 175][162 175 172 211 136 211  88 177  65 141 209 214 257 183 273 132 147 320
 147 401 142 485 191 325 187 400 182 467 157 167 169 167 147 178 187 172][162 175 172 207 136 207  92 171  76 127 208 211 251 172 265 121 147 320
 147 400 142 485 189 325 187 400 182 466 157 166 168 168 147 177 187 173][162 175 169 206 136 203 101 166  83 121 205 211 245 166 251 107 147 320
 147 400 142 485 188 325 187 400 182 465 154 167 167 169 144 178 187 173][159 175 168 205 139 201 108 161  97 116 203 210 236 157 240 105 147 320
 147 400 142 485 187 322 187 400 182 465 153 168 167 169 145 176 184 174][158 175 168 205 140 200 117 156 108 107 203 207 226 155 225  97 147 320
 147 400 142 485 187 321 187 400 182 465 152 169 164 169 145 176 183 174][157 175 169 205 141 200 120 155 118 105 202 206 219 151 214  91 147 317
 147 400 142 485 187 320 187 400 182 465 149 169 165 169 144 173 182 172][157 175 168 205 141 197 124 151 124 101 196 205 214 150 204  86 147 316
 147 400 142 485 187 320 187 400 182 465 148 169 163 169  -1  -1 182 173][157 175 168 205 141 196 126 150 138 100 193 207 209 143 194  91 147 315
 147 400 142 485 187 320 187 400 184 465 147 169 164 169  -1  -1 182 173][157 175 167 202 141 195 126 150 144 100 193 208 204 144 184  90 147 315
 147 400 142 485 187 320 187 400 183 465 147 169 163 169  -1  -1 179 174][154 175 169 201 144 195 129 143 150 100 192 208 199 144 178  92 147 315
 147 400 142 485 187 320 187 400 182 465 147 167 163 169  -1  -1 178 174][153 175 168 200 145 197 134 141 151 100 189 209 194 144 173  93 147 315
 147 400 142 485 187 317 187 400 182 465 147 168 162 169  -1  -1 177 174][152 175 168 205 146 201 135 142 151  97 188 212 189 144 172  91 147 315
 147 400 142 485 187 318 187 400 182 465 147 168 162 169  -1  -1 177 174][152 175 167 207 146 203 136 145 151  96 184 216 190 146 174  92 147 315
 147 400 142 485 184 318 184 400 182 465 147 169 162 169  -1  -1 174 177][152 175 167 206 146 203 134 147 150  97 185 213 191 148 173  93 147 315
 147 400 142 485 185 319 183 400 182 465 144 169 162 169  -1  -1 173 176][152 175 167 206 146 202 131 148 149  98 186 212 191 148 174  96 147 317
 147 400 142 485 183 319 182 400 182 465 143 169 162 169  -1  -1 172 175][149 175 167 205 146 201 129 148 145  98 186 213 191 149 177  98 147 318
 147 400 142 485 183 319 182 400 182 465 142 169 159 169  -1  -1 174 175][148 175 167 205 146 200 128 149 133  99 186 212 189 155 179  98 147 319
 147 400 142 485 182 319 182 400 182 465 142 169 158 169  -1  -1 175 175][147 175 167 205 146 200 127 149 125  99 186 211 188 153 180  99 147 319
 147 400 142 485 182 319 182 400 182 465 142 169 157 169  -1  -1 173 175][144 177 167 202 146 197 127 149 119 102 186 208 187 152 180  99 147 319
 147 400 142 485 182 319 182 400 182 462 142 169 157 169  -1  -1 173 175][143 176 167 201 146 196 127 152 110 106 186 206 187 151 179  99 147 319
 147 400 142 485 184 319 182 400 182 461 142 167 154 169  -1  -1 172 175][144 175 167 202 144 195 124 153 104 108 186 205 189 150 178  99 147 319
 147 400 142 485 183 319 182 400 182 462 142 168 153 169  -1  -1 172 175][145 173 167 206 143 200 120 164  95 115 186 207 190 150 177 102 147 322
 147 400 142 485 182 322 182 400 182 463 142 166 152 167  -1  -1 172 172][143 171 167 206 140 202 115 171  89 125 186 206 188 150 177 103 147 321
 147 400 142 485 182 323 182 400 184 464  -1  -1 152 166  -1  -1 169 171][145 171 167 207 140 203 113 177  80 136 186 207 190 155 179 114 147 321
 147 400 142 485 182 324 182 400 185 464 142 170 152 165  -1  -1 168 172][145 170 167 208 141 204 109 186  74 150 189 208 190 155 180 121 147 320
 147 400 142 485 182 322 182 400 186 464 144 167 152 165  -1  -1 167 171][146 170 167 212 141 207 101 200  61 179 188 211 205 201 195 162 147 320
 147 400 142 485 182 321 182 400 186 464 145 166 149 165  -1  -1 167 173][144 170 169 211 143 208 103 215  58 201 193 211 209 212 189 168 147 317
 147 400 142 485 182 320 182 397 186 464 146 163 148 165  -1  -1 167 171][143 170 168 210 145 209 104 222  57 221 190 210 211 235 201 218 147 318
 147 397 142 485 182 320 182 396 186 464 146 163 147 165  -1  -1 167 171][142 170 167 212 145 212 111 240  59 241 189 210 209 256 201 289 147 319
 147 396 142 485 182 322 182 395 186 464 146 164 147 165  -1  -1 167 170][142 170 167 213 146 213 114 248  60 266 188 210 208 251 205 289 147 319
 147 395 142 485 182 323 182 395 186 464 146 164 147 165  -1  -1 167 170][142 170 167 214 146 214 118 257  70 282 187 210 210 262 209 307 147 322
 147 397 142 485 182 324 182 395 186 464 146 164 147 165  -1  -1 167 170][142 170 167 212 146 212 127 263  86 297 187 210 209 272 210 322 147 323
 147 398 142 485 182 324 182 397 186 462 144 164 147 167  -1  -1 167 170][139 172 167 213 146 213 130 268 102 307 187 212 208 278 211 333 144 326
 147 399 142 485 179 327 182 398 186 463 143 164 147 168  -1  -1 167 170][138 173 167 216 146 216 134 277 117 317 187 216 208 283 210 338 145 328
 147 402 142 485 180 328 182 399 186 464 142 167 147 169  -1  -1 167 170][137 172 167 216 146 216 139 273 124 319 187 218 207 284 209 339 143 327
 147 403 142 485 178 329 182 399 186 464 142 166 144 169  -1  -1 164 170][137 173 167 215 146 213 144 271  -1  -1 187 219 205 284 208 336 143 326
 147 404 142 482 178 329 182 399 186 464 142 165 143 169  -1  -1 163 170][137 173 167 215 146 213 143 270 127 315 187 219 203 282 205 335 142 326
 147 404 142 481 177 327 182 399 186 464 142 165 142 169  -1  -1 162 170][137 174 167 217 146 214 142 273 124 320 187 222 203 283 203 335 142 325
 147 402 142 482 177 328 182 399 186 464 142 165 142 169  -1  -1 162 172][137 174 167 218 146 214 142 274 123 320 187 223 202 284 203 338 144 327
 147 401 142 483 177 329 182 399 186 464 142 165 142 169  -1  -1 162 173][137 174 167 219 146 214 142 274 122 318 187 222 202 284 202 339 143 326
 147 400 144 482 177 329 182 399 186 464 142 165 142 169  -1  -1 162 174][137 174 167 219 146 217 136 272 116 313 187 221 202 284 202 339 142 326
 147 402 143 483 177 329 182 399 186 464 142 165 142 169  -1  -1 162 172][137 174 167 219 146 216 134 273 106 308 187 221 202 282 199 339 144 327
 147 403 145 481 177 329 182 399 186 464 142 167 142 169  -1  -1 162 173][137 174 167 217 146 215 130 269  91 295 187 220 202 281 195 337 145 328
 147 404 143 483 177 329 182 399 186 464 142 166 142 169  -1  -1 162 172][137 174 167 216 146 217 125 263  80 288 187 217 196 278 190 330 146 327
 147 404 145 483 174 327 182 399 186 464 142 166 142 169  -1  -1 162 173][137 174 167 215 146 216 120 258  65 274 187 216 194 273 185 311 146 323
 147 402 143 484 175 326 182 399 186 464 142 165 142 169  -1  -1 162 171][137 174 167 215 146 216 111 249  59 254 187 216 193 268 183 294 146 323
 147 401 143 482 178 325 182 397 186 464 142 165 142 169  -1  -1 162 173][139 174 167 215 146 215 108 234  53 234 189 215 189 269 175 274 146 322
 147 400 142 481 180 325 182 398 186 464 142 165 144 169  -1  -1 162 173][140 174 167 212 146 209 107 227  48 218 188 215 185 266 166 235 146 321
 147 400 142 480 180 322 182 399 186 464 144 167 145 169  -1  -1 162 172][141 174 167 211 144 209 100 218  47 198 187 215  -1  -1  -1  -1 146 320
 147 400 142 480 181 323 182 399 186 464  -1  -1 146 169  -1  -1 162 171][144 172 164 210 140 209  90 203  49 178 185 209 177 180 167 170 146 320
 147 400 144 480 181 321 182 399 186 464 147 165 149 167  -1  -1 167 168][143 173 160 212 135 209  93 193  55 162 183 211 177 174 167 142 146 320
 147 400 145 480 181 321 184 399 186 464 147 167 150 168  -1  -1 165 179][143 171 160 211 133 209  92 182  56 152 183 210 182 164 167 128 146 320
 147 400 146 482 181 322 185 399 186 464 144 166 151 166  -1  -1 164 177][142 173 161 210 137 209 100 180  66 142 182 210 188 164 169 122 146 320
 147 402 146 481 181 321 186 399 186 464  -1  -1 151 168  -1  -1 163 176][142 171 161 210 137 209 103 176  77 127 182 210 190 154 170 104 146 320
 147 401 146 480 181 320 186 399 186 464  -1  -1 151 166  -1  -1 164 176][142 171 161 207 137 209 108 168  92 113 182 204 194 143 173  84 146 317
 147 400 146 480 181 317 186 399 186 464 137 170 149 166  -1  -1 163 173][142 170 161 203 134 207 110 158  99 106 182 201 193 137 175  80 146 318
 147 400 146 480 181 316 186 399 186 464 137 170 148 165  -1  -1 165 171][142 170 161 201 133 203 114 159 104 105 182 201 192 135 179  80 146 316
 147 400 146 480 181 315 186 399 186 464 137 167 147 165  -1  -1 165 171][142 170 161 200 132 201 115 152 118 101 184 200 192 135 180  80 144 316
 147 400 146 480 181 315 186 397 189 464 139 166 149 165  -1  -1 169 170][144 170 161 200 134 200 119 154 124  96 185 200 192 135 181  80 145 315
 147 400 146 480 181 315 186 396 190 464 140 165 150 165  -1  -1 170 170][145 170 161 202 135 202 120 154 134  98 186 202 192 136 181  83 146 315
 147 400 144 480 181 315 186 395 191 464 141 165 151 165  -1  -1 171 170][146 170 161 201 136 201 124 144 139  96 186 201 192 135 179  85 146 315
 147 400 145 480 184 315 186 395 189 464 141 165 151 165  -1  -1 169 170][146 170 161 200 136 198 125 137 144  92 186 202 192 135 175  85 146 315
 147 400 143 480 185 315 186 395 188 464 141 165 154 165  -1  -1 170 170][149 170 161 200 136 196 126 136 146  93 186 201 192 135 176  87 144 315
 147 397 145 480 186 315 186 395 187 464 144 165 158 165 137 165 171 170][153 170 161 200 136 195 126 135 146  91 186 203 194 132 176  88 143 315
 147 396 145 480 186 315 186 395 187 462 145 165 160 165 137 165 174 170][155 167 161 197 136 195 126 137 146  90 186 201 195 133 176  86 142 315
 147 395 146 477 186 315 186 392 187 461 146 165 161 165 139 165 175 170][156 166 161 196 134 195 126 138 145  90 189 201 198 131 179  86 142 315
 147 395 146 476 186 315 186 391 187 460 146 165 164 165 140 165 176 167][156 165 161 193 133 189 124 136 141  87 190 194 200 132 183  85 142 315
 147 395 146 475 186 315 186 390 187 460 146 162 163 162 141 162 176 166][156 165 161 191 132 189 120 137 132  88 191 192 204 133 188  85 142 312
 147 395 146 475 186 312 186 390 187 460 146 161 163 161 141 161 176 165][156 165 161 190 132 189 115 141 125  86 191 193 205 134 193  82 142 313
 147 395 146 475 186 313 186 390 187 460 146 160 162 160 141 160 176 165][156 165 161 190 132 189 113 142 120  87 191 193 209 134 202  83 142 314
 147 395 146 475 186 314 186 390 187 460 146 160 162 160 141 162 176 165][156 165 161 190 132 192 106 146 110  88 191 194 217 137 217  83 142 312
 147 395 146 475 186 312 186 390 187 460 146 160 164 160 141 163 176 165][156 165 161 190 129 193 100 148 100  91 194 194 223 141 224  84 142 311
 147 392 146 475 186 311 186 390 187 460 149 160 163 160 141 164 176 165][156 165 164 190 128 191  98 152  90 100 195 194 229 146 233  90 142 310
 147 391 146 475 186 310 186 387 187 460 150 160 165 160 141 164 176 165][156 165 165 190 127 191  94 156  84 102 196 194 230 155 243 100 142 310
 147 390 146 475 186 310 186 386 189 460 151 160 165 160 141 164 179 165][159 165 166 192 127 192  89 165  75 115 196 194 238 161 253 106 142 310
 147 390 146 475 186 310 186 385 188 460 151 160 166 160 141 164 180 165][160 165 166 196 127 196  84 171  65 121 199 197 240 167 263 116 142 310
 147 390 146 475 186 310 186 385 190 460 151 160 166 160 141 164 181 165][161 165 164 201 127 198  83 177  50 135 200 198 241 172 269 126 142 310
 147 390 146 475 186 310 186 385 190 460 151 160 166 160 141 164 181 165][161 165 165 203 127 201  82 186  44 150 201 201 244 181 279 140 142 310
 147 390 146 472 186 310 186 385 189 457 151 160 166 160 144 164 181 165][161 165 166 204 127 203  82 200  42 166 201 203 245 191 281 160 142 310
 147 390 146 471 186 310 186 385 190 458 151 160 166 160 145 164 181 165][161 165 166 204 127 204  82 207  38 181 201 204 246 197 289 172 142 310
 147 390 146 470 186 310 186 385 190 456 154 160 166 160 146 164 181 165][161 165 166 204 127 204  82 221  34 201 201 204 249 206 291 191 144 310
 147 390 146 470 186 310 186 385 191 456 155 160 166 160 146 164 181 165][161 165 166 207 127 204  82 227  32 221 201 207 248 220 295 206 145 310
 147 390 146 470 186 310 186 385 189 455 156 160 166 160 146 164 181 165][161 165 166 208 127 204  87 237  35 241 201 206 248 227 296 226 146 310
 147 390 146 470 186 310 186 385 188 455 156 160 166 160 146 164 181 165][161 165 166 209 129 207  97 251  54 280 201 208 241 241 292 260 146 310
 147 390 146 470 186 310 186 385 187 455 156 160 169 157 146 164 181 165][161 165 166 209 130 211 103 262  67 297 199 208 232 247 283 281 146 312
 147 390 146 470 186 310 186 385 187 455 156 160 170 156 146 164 181 165][164 165 166 209 131 211 109 264  82 308 198 209 229 257 268 297 146 311
 147 390 146 470 186 310 186 385 187 455 156 157 171 155 146 164 181 162][165 162 166 209 131 210 114 264  98 313 197 209 220 263 247 303 146 310
 147 390 146 470 186 310 186 385 187 455 159 156 171 155 146 162 181 161][166 161 164 209 129 210 119 264 109 318 197 209 214 264 230 308 146 312
 147 390 146 472 189 310 186 385 187 455 160 153 171 155 146 161 181 160][166 160 165 209 130 210 124 264 119 319 197 209 213 264 219 313 146 311
 147 390 146 473 188 310 186 385 187 455 161 153 171 155 146 160 181 160][166 160 166 207 131 207 125 264 121 316 197 209 205 264 209 314 146 311
 147 390 146 474 187 310 186 385 187 455 161 154 171 155 146 160 181 160][166 160 166 206 131 206 126 264 121 315 197 207 203 264 207 314 146 310
 147 390 146 474 187 310 186 385 187 455 161 154 171 155 146 160 181 160][166 160 166 205 131 208 126 264 117 315 199 206 204 264 213 312 146 310
 147 390 146 474 187 310 186 385 187 455 161 152 171 155 146 160 181 160][166 160 166 207 131 208 125 264 109 315 198 205 207 264 223 311 146 310
 147 390 146 472 187 310 186 385 187 455 161 151 171 155 146 160 181 160][166 160 166 206 131 209 117 264  93 313 200 205 216 264 239 309 146 310
 147 390 146 471 187 310 186 385 187 455 161 150 171 155 146 160 181 160][166 160 166 208 131 209 111 264  77 305 200 207 222 262 256 304 146 310
 147 390 146 470 187 310 186 385 187 455 161 152 171 155 146 160 181 160][166 160 166 208 131 209 105 255  61 290 201 208 232 258 272 291 146 310
 147 390 144 470 187 310 186 385 187 455 161 153 171 155 146 160 181 160][166 160 166 209 129 209  91 252  45 274 201 209 238 253 283 270 146 310
 147 390 145 470 187 310 186 385 187 455 161 154 171 155 146 160 181 160][164 160 166 209 128 209  84 244  38 250 201 207 240 244 290 249 146 310
 147 390 146 470 187 310 186 385 187 455 161 154 171 155 146 160 181 160][163 160 166 209 127 209  79 229  25 224 204 206 252 234 303 229 146 310
 147 390 146 470 187 310 186 385 187 455 159 152 171 155 146 160 181 160][162 160 166 209 124 207  70 218  22 203 205 205 259 215 306 199 146 310
 147 390 146 470 189 310 186 385 187 455 158 151 171 152 146 160 181 160][162 160 166 207 123 206  71 208  25 183 206 205 261 203 306 178 146 310
 147 387 146 470 190 310 186 385 187 455 157 150 171 153 146 157 181 160][162 160 166 206 122 205  68 193  28 158 206 205 261 192 302 158 146 310
 147 386 146 470 191 310 186 382 187 455 157 150 171 151 146 156 181 160][162 160 166 205 122 202  70 182  35 142 206 205 259 182 294 142 146 310
 147 385 144 470 191 310 186 381 187 455 157 150 171 153 146 157 181 160][162 160 166 202 124 198  72 172  41 127 206 202 256 172 287 127 146 307
 147 385 143 470 191 307 186 382 187 455 157 150 171 153 146 158 181 160][162 160 166 198 125 196  77 166  51 112 204 201 251 166 272 112 146 306
 147 385 142 470 191 306 186 383 187 455 157 150 171 152 146 161 181 162][162 160 166 193 126 192  86 161  71 110 203 198 246 157 265 102 146 305
 147 385 142 470 191 305 186 384 187 455 157 150 171 151 146 161 181 161][162 160 166 191 126 191  93 156  79 102 202 193 240 147 251  92 146 305
 147 385 142 470 191 305 186 384 187 455 157 150 169 150 146 160 181 160][162 160 166 190 129 190  98 152  88  96 199 191 231 142 240  86 146 307
 147 385 142 470 191 305 186 384 187 455 157 150 168 150 144 160 181 160][162 160 166 190 130 190 100 150  98  91 198 190 225 136 225  85 146 308
 147 387 142 470 191 307 186 384 187 455 157 150 167 150 143 160 181 160][162 160 166 190 131 190 108 146 108  86 197 190 219 131 214  81 146 309
 147 388 142 470 191 308 186 384 187 455 157 152 169 150 144 157 181 160][162 160 166 190 134 190 114 145 119  85 197 190 214 130 204  80 146 309
 147 389 142 470 191 309 186 384 187 455 157 153 170 152 145 156 181 160][162 160 166 190 135 190 119 138 133  81 194 190 209 126 194  80 146 309
 147 389 142 470 191 309 186 384 187 455 157 154 171 153 146 157 181 160][162 160 166 190 136 190 124 136 148  83 193 190 207 128 180  80 146 309
 147 389 142 470 191 309 186 384 187 455 157 154 169 154 146 158 181 162][162 160 166 190 136 190 126 132 151  85 192 190 204 129 173  81 146 309
 147 389 142 470 191 307 186 384 187 455 157 157 168 154 146 159 181 163][162 160 166 190 136 190 126 131 151  85 192 190 202 129 176  82 146 309
 147 389 142 470 191 306 186 384 187 455 157 158 167 154 146 159 181 164][162 160 166 190 136 190 126 130 151  85 192 190 202 127 176  81 146 309
 147 389 142 470 191 305 186 384 187 455 157 157 167 154 146 159 181 162][162 160 166 190 136 190 126 130 151  85 192 190 203 128 176  80 146 309
 147 389 142 470 191 305 186 384 187 455 157 156 167 154 146 159 181 161][162 160 166 190 136 190 125 131 150  85 192 190 204 128 178  80 146 309
 147 389 142 470 191 307 186 384 187 455 157 155 167 154 144 159 181 160][162 160 166 190 134 190 123 133 148  85 192 190 205 129 182  82 146 309
 147 389 142 470 191 308 186 384 187 455 157 155 169 152 143 159 181 157][162 160 166 190 133 190 123 136 142  85 194 190 205 129 187  83 146 309
 147 389 142 470 191 309 186 384 187 455 157 155 170 153 142 157 181 158][162 160 166 190 132 192 120 141 132  87 195 190 208 129 193  83 146 309
 147 389 142 470 191 309 186 384 187 455 157 152 171 151 142 156 181 159][162 160 166 190 132 191 115 143 125  88 196 190 213 129 198  82 146 309
 147 389 142 470 191 309 186 384 187 455 157 151 171 151 142 155 181 159][164 160 166 190 134 193 113 143 123  87 196 192 218 132 203  83 146 309
 147 389 142 470 191 309 186 384 187 455 157 152 171 152 144 155 181 159][165 160 166 190 133 193 109 147 111  91 196 193 223 136 212  83 146 309
 147 389 142 470 191 309 186 384 187 455 157 151 171 153 143 157 181 162][164 160 166 190 132 194 105 151 104  96 196 194 225 141 219  90 146 309
 147 387 142 470 191 309 186 384 187 455 157 151 169 152 145 161 181 161][163 160 166 192 132 192 100 156  91 105 199 194 237 146 236  96 146 309
 147 388 142 470 191 309 186 384 187 455 157 152 170 151 145 163 181 160][162 160 166 193 132 193  94 161  84 115 200 194 240 155 244 105 146 309
 147 386 142 470 191 309 186 384 187 455 157 153 171 152 146 163 181 162][162 160 166 196 129 196  89 170  75 126 201 197 244 166 258 120 146 309
 147 386 142 470 191 309 186 384 187 455 157 154 171 153 146 164 181 163][162 160 166 201 128 201  88 181  69 140 201 198 249 176 264 135 146 309
 147 385 144 467 191 309 186 384 187 455 157 154 171 152 146 164 181 162][162 162 166 203 127 203  87 191  55 156 201 201 248 186 278 146 146 307
 147 385 145 468 191 309 186 384 187 455 157 154 171 153 146 164 181 161][162 163 166 204 127 204  84 201  45 167 201 203 247 196 284 165 146 308
 147 385 146 466 191 309 186 384 187 455 157 154 171 153 146 164 181 160][162 164 166 204 127 204  83 207  39 181 201 204 250 202 290 181 146 309
 147 385 146 468 191 309 186 384 187 455 157 154 171 154 146 164 181 160][162 162 166 204 127 204  82 221  37 205 201 204 249 212 295 201 146 309
 147 387 146 468 191 309 186 384 187 455 157 154 171 154 146 162 181 160][164 161 166 204 127 204  82 227  33 221 201 204 248 221 296 221 146 309
 147 388 144 469 189 309 186 384 187 455 157 154 171 154 146 161 181 160][163 162 166 204 127 204  84 237  37 241 201 204 245 231 294 241 146 309
 147 389 145 469 188 309 186 384 187 455 157 154 171 154 146 162 181 160][163 163 166 207 127 207  88 242  45 266 201 207 244 242 291 261 146 309
 147 387 146 469 187 309 186 384 187 455 157 154 171 154 146 163 181 160][162 162 166 208 129 208  97 248  56 282 199 206 236 247 283 277 146 309
 147 386 146 469 187 309 186 384 187 455 157 154 169 154 146 164 181 160][162 161 166 209 130 209 103 252  67 297 198 206 230 249 268 292 146 309
 147 387 146 469 187 309 186 384 187 455 157 154 168 154 146 164 181 160][162 160 166 209 131 209 105 257  82 303 197 205 225 257 251 298 146 309
 147 386 146 469 187 309 186 384 187 455 157 154 167 154 146 162 181 160][162 160 166 209 131 209 113 262  97 312 197 205 223 262 240 307 144 309
 147 388 146 469 187 309 186 384 187 455 157 154 167 154 146 161 181 160][162 160 166 209 131 209 115 264 108 318 199 205 215 264 225 313 143 309
 147 388 146 469 189 309 186 384 187 455 157 154 167 152 146 160 181 160][162 160 166 209 131 209 123 264 119 316 198 207 209 264 210 311 144 309
 147 389 146 469 188 309 187 384 187 455 157 154 167 153 146 160 181 160][162 160 166 209 131 209 125 264 121 318 197 208 204 264 207 313 145 309
 147 389 146 469 187 309 187 384 187 455 154 154 167 151 146 160 181 160][162 160 166 209 129 209 126 264 121 319 197 209 205 264 207 314 146 312
 147 389 146 469 187 309 187 384 187 455 153 154 167 151 146 160 181 160][162 160 166 207 128 209 126 264 121 319 197 209 206 264 209 314 146 311
 147 389 146 469 187 309 187 384 187 455 152 154 167 150 146 160 181 160][162 160 166 208 127 209 126 264 121 319 199 207 208 264 215 314 146 310
 147 389 146 469 189 309 186 384 187 455 152 154 167 152 146 160 179 160][162 160 166 209 127 209 125 264 120 319 200 206 212 264 217 313 146 310
 147 389 146 469 190 309 186 384 187 455 152 154 167 153 146 160 178 160][162 160 166 207 127 209 123 264 116 318 201 205 214 264 222 312 146 310
 147 389 146 469 191 309 186 384 187 455 152 154 167 154 146 160 177 160][162 160 166 208 127 209 120 264 111 317 201 205 218 264 227 311 144 310
 147 389 146 469 189 309 187 384 187 455 152 154 167 154 144 160 177 160][162 160 166 206 127 209 118 264 109 313 201 205 220 262 233 311 143 310
 147 389 146 469 188 309 187 384 187 455 152 154 167 154 143 160 177 160][162 162 166 206 127 209 118 264 105 314 201 205 221 263 235 310 144 310
 147 389 146 469 187 309 187 384 187 455 152 154 167 154 144 160 177 160][162 163 166 205 127 209 117 264 100 314 201 205 219 264 236 310 145 310
 147 389 146 469 187 307 187 384 187 455 152 154 167 154 143 162 177 160]