[ 350  390  340  480  290  480  260  580  310  490  410  480  450  560
  470  610  310  690  330  850  310 1010  400  690  400  840  410  980
  340  380  360  380  310  390  380  390][ 350  390  340  480  284  480  260  580  323  495  410  480  450  560
  470  610  315  690  330  850  310 1010  400  690  400  840  410  980
  340  380  360  380  315  390  380  395][ 350  390  340  480  282  480  260  585  327  505  410  480  444  560
  470  610  313  690  324  850  310 1010  400  690  400  840  410  980
  340  380  365  380  317  390  380  397][ 350  395  340  480  281  480  260  587  325  524  410  480  446  560
  470  610  312  690  322  850  310 1010  400  684  400  840  410  980
  340  380  367  380  318  390  380  398][ 350  397  340  480  280  480  254  588  316  528  410  480  447  560
  475  610  316  690  321  850  310 1010  400  686  405  840  410  980
  340  380  368  380  319  390  380  399][ 355  394  340  480  280  480  252  589  305  536  410  480  448  560
  477  610  318  690  320  850  310 1010  400  687  407  840  404  980
  340  380  369  380  319  390  380  399][ 357  392  340  480  280  480  244  584  294  539  410  480  449  560
  485  610  314  690  320  850  310 1015  400  688  408  840  402  980
  340  380  369  380  319  390  380  399][ 358  391  340  480  280  480  241  582  291  535  410  474  449  560
  488  610  317  690  320  850  310 1017  400  689  409  845  401  980
  340  380  369  380  319  390  380  399][ 359  390  340  480  285  480  240  581  290  527  410  476  449  560
  489  610  318  690  320  850  310 1018  400  689  404  843  400  980
  340  380  369  380  319  390  380  399][ 359  395  340  480  287  480  233  580  290  507  410  477  449  560
  489  610  314  690  320  850  310 1019  400  684  402  835  400  974
  340  380  369  380  319  390  380  399][ 359  397  340  474  288  474  235  574  283  494  410  478  449  560
  489  610  312  690  320  844  310 1019  400  682  401  832  400  972
  340  380  369  380  319  390  380  399][ 359  398  340  472  289  472  237  571  285  483  404  479  444  554
  489  610  311  690  320  846  310 1014  394  681  394  831  400  971
  340  380  369  380  319  390  380  405][ 359  399  340  475  289  475  244  564  293  481  402  479  442  552
  489  610  310  690  320  843  310 1012  392  680  391  830  400  970
  340  380  369  380  319  395  380  407][ 359  399  345  477  289  472  254  554  304  480  401  479  441  555
  489  610  310  684  320  841  304 1011  391  680  390  830  400  975
  340  380  369  380  319  397  380  404][ 359  399  347  478  289  471  265  551  315  483  400  479  440  552
  489  610  310  682  320  840  302 1010  390  680  390  830  400  977
  340  380  369  380  319  398  385  402][ 359  399  344  473  284  470  284  550  334  485  400  474  434  551
  489  610  310  681  314  840  301 1010  390  680  390  830  400  978
  340  380  369  380  319  399  383  401][ 359  399  342  471  282  470  288  550  346  486  400  472  436  550
  489  610  310  680  316  840  300 1010  390  680  390  835  400  979
  340  380  369  380  319  394  382  400][ 359  399  341  464  281  464  297  550  365  475  400  471  432  550
  484  610  310  680  317  840  300 1010  390  680  390  833  400  979
  340  380  369  380  319  392  381  400][ 365  399  340  466  280  466  299  555  377  482  405  470  435  555
  486  610  310  685  318  840  300 1010  390  685  390  836  400  979
  340  380  375  380  319  396  380  400][ 367  399  340  474  285  474  306  564  387  493  407  475  437  565
  487  615  310  683  319  840  300 1010  390  683  390  833  400  979
  345  380  377  380  319  397  380  400][ 368  399  340  477  287  477  308  567  389  504  408  484  438  567
  483  617  310  686  319  840  300 1010  390  686  390  836  400  979
  347  380  378  385  319  398  380  400][ 369  399  340  478  288  478  305  575  389  515  404  483  433  569
  481  618  310  688  319  840  300 1010  390  688  390  833  400  979
  348  385  379  387  319  399  380  405][ 369  399  340  479  284  479  303  573  389  512  402  482  436  569
  481  619  310  688  319  840  300 1010  390  689  390  832  400  979
  344  383  379  388  319  394  380  403][ 369  399  340  479  282  479  302  572  386  506  401  481  437  569
  480  619  310  689  319  840  300 1010  390  689  390  831  400  979
  342  382  379  389  319  392  380  402][ 364  399  340  474  281  474  295  565  358  515  400  474  433  564
  480  619  310  684  314  840  300 1010  390  684  390  830  400  974
  341  381  374  389  319  395  380  406][ 362  399  340  472  280  472  292  555  352  498  400  472  431  555
  480  619  304  682  312  840  300 1010  390  682  390  830  400  972
  340  380  376  384  319  397  380  408][ 361  399  340  476  280  476  291  552  343  493  400  476  431  556
  480  619  306  686  311  840  300 1010  390  686  390  830  400  971
  340  380  378  382  319  398  380  408][ 365  394  340  477  280  477  275  543  333  475  400  477  435  564
  485  619  307  687  310  845  300 1010  390  687  390  835  400  975
  340  380  373  381  319  399  380  404][ 363  392  345  473  293  473  264  541  314  471  400  478  437  567
  483  619  308  683  310  843  300 1010  390  688  390  837  394  972
  340  380  371  380  319  399  380  395][ 354  395  347  476  292  472  253  544  302  470  400  479  438  568
  481  619  309  686  304  842  300 1010  390  689  384  834  392  971
  340  380  371  380  319  399  380  396][ 352  392  348  478  291  476  251  546  292  463  400  479  439  569
  481  619  309  688  301  846  300 1010  390  689  386  837  395  976
  340  380  370  380  314  399  380  397][ 351  391  349  478  290  473  250  554  282  466  405  479  445  569
  480  625  304  688  300  848  300 1010  390  689  387  833  392  973
  340  380  370  380  312  394  380  398][ 343  390  349  479  290  476  250  557  272  467  407  479  443  569
  480  627  302  689  300  844  300 1010  390  689  388  832  391  971
  334  380  364  380  315  392  380  398][ 341  390  344  485  290  478  250  565  262  474  408  485  442  569
  480  628  301  689  300  842  300 1010  390  689  389  831  390  971
  332  380  361  380  317  391  380  399][ 340  395  346  487  290  485  250  575  267  493  409  487  441  569
  480  629  300  689  300  846  300 1010  390  689  383  830  390  970
  331  380  360  380  318  395  380  399][ 340  397  343  488  290  483  250  586  280  514  409  488  441  569
  474  629  305  689  305  848  300 1010  390  689  386  835  390  970
  330  380  360  380  319  397  380  399][ 345  398  341  484  284  482  250  588  285  526  409  484  434  569
  464  629  303  689  307  848  300 1010  390  689  387  837  390  970
  330  380  360  380  319  398  380  399][ 347  399  341  482  282  481  250  589  287  537  404  482  432  569
  461  629  301  689  308  849  300 1010  390  689  388  838  390  970
  330  385  360  380  314  399  380  399][ 343  399  340  481  274  481  250  596  295  539  406  481  431  569
  460  629  301  689  309  849  300 1010  390  684  389  839  390  970
  330  383  360  380  312  394  380  394][ 341  399  340  474  276  480  255  593  305  539  408  474  430  569
  460  635  300  689  309  849  300 1010  390  682  389  834  390  970
  330  382  354  380  311  396  380  392][ 341  399  340  472  272  480  257  592  315  535  408  472  430  569
  460  633  305  684  309  849  300 1010  390  681  389  832  390  970
  330  381  351  380  310  393  374  391][ 340  399  340  471  275  474  258  585  312  527  403  471  430  569
  460  637  303  686  309  849  300 1010  390  685  389  836  395  975
  330  380  351  380  310  396  372  390][ 340  399  340  475  277  476  254  582  306  516  406  475  430  575
  460  638  306  687  304  849  300 1010  390  687  389  837  393  973
  330  386  350  385  310  397  371  395][ 334  399  340  472  278  477  252  581  303  504  403  477  430  573
  454  639  303  688  302  849  300 1010  390  688  389  838  392  972
  324  388  344  387  310  398  370  393][ 331  405  340  476  278  478  251  574  295  493  406  478  430  572
  456  639  302  689  301  849  300 1010  390  689  389  834  396  971
  322  388  341  388  304  399  370  396][ 331  403  340  477  285  479  244  564  284  474  407  479  430  571
  457  639  301  689  305  844  305 1010  390  689  389  832  398  970
  321  389  340  389  301  399  370  393][ 330  402  340  473  283  474  234  554  265  463  408  474  430  570
  458  639  300  684  307  842  303 1010  390  684  389  831  398  975
  320  389  340  384  301  399  370  391][ 330  406  340  476  275  471  231  551  253  452  409  476  430  570
  458  639  300  682  308  841  306 1010  390  682  389  830  399  978
  320  389  340  386  300  399  370  391][ 330  408  340  478  277  475  230  550  242  457  404  478  430  570
  459  639  305  681  309  840  308 1010  390  681  389  830  394  974
  314  389  340  388  300  399  370  395][ 330  409  340  478  273  477  230  550  232  458  406  478  430  570
  459  639  303  685  309  840  309 1010  390  685  389  835  396  977
  304  389  340  388  300  405  364  393][ 330  409  340  479  271  485  230  554  222  459  408  479  430  570
  459  639  302  687  309  845  309 1010  395  687  389  837  398  978
  301  389  334  389  300  407  362  391][ 324  409  340  485  275  487  230  564  212  472  408  479  430  570
  454  639  306  688  309  847  309 1010  393  688  389  838  398  979
  300  389  331  389  294  408  361  396][ 321  404  340  487  272  488  235  567  210  493  409  479  430  575
  456  645  308  689  309  848  304 1015  392  689  389  839  399  979
  300  389  330  384  291  404  360  393][ 321  402  340  488  276  489  244  575  210  514  409  479  430  577
  453  643  308  689  309  849  302 1017  391  689  389  839  399  979
  300  389  330  382  291  407  360  391][ 320  406  340  489  273  489  255  585  210  535  409  479  430  578
  451  646  309  689  309  849  305 1018  390  689  389  839  399  979
  300  389  330  385  290  408  360  391][ 320  407  340  489  271  495  258  588  213  547  409  485  435  579
  450  648  309  695  309  849  303 1019  396  689  389  839  399  979
  300  389  330  387  290  409  360  396][ 320  408  340  489  283  498  266  589  215  557  409  487  437  579
  450  649  309  697  309  849  306 1019  398  689  389  839  399  979
  300  389  330  388  290  409  360  397][ 320  409  340  489  282  499  268  604  224  567  409  484  434  579
  450  644  309  698  309  849  308 1019  398  689  389  839  399  979
  300  389  330  389  290  409  360  398][ 320  409  340  489  286  494  269  602  222  562  409  482  437  579
  450  642  309  694  309  849  308 1019  399  689  389  839  399  974
  300  389  330  389  290  409  360  394][ 320  409  340  489  284  492  265  596  221  557  409  481  433  579
  450  641  309  692  309  849  309 1019  399  689  389  839  399  976
  300  389  330  389  290  409  360  396][ 320  409  340  489  282  491  263  594  214  548  404  480  432  574
  450  634  309  691  309  849  309 1019  399  689  389  839  399  977
  300  389  330  389  290  409  360  393][ 320  409  340  484  275  490  255  585  216  527  402  480  431  572
  450  631  309  690  309  849  304 1019  394  689  389  839  399  973
  300  389  330  389  290  409  360  391][ 320  409  340  486  272  490  244  575  217  496  405  480  435  571
  455  635  309  690  309  849  302 1019  396  689  395  839  399  971
  300  389  330  389  290  409  360  396][ 325  409  340  483  271  490  234  571  218  474  402  480  433  570
  453  632  309  690  315  849  301 1019  398  689  397  839  399  971
  300  389  330  389  290  409  360  397][ 327  409  340  481  270  484  223  555  225  462  406  480  431  570
  452  631  309  690  317  844  300 1019  398  689  398  839  399  970
  305  389  335  389  295  404  360  398][ 328  409  340  474  270  474  221  543  243  452  403  480  431  570
  451  624  304  690  318  842  300 1019  393  684  394  834  399  970
  307  389  337  389  297  402  360  399][ 329  404  340  471  270  471  220  541  256  457  406  474  430  570
  450  626  306  684  314  841  300 1019  396  682  392  832  399  970
  308  384  338  384  298  394  365  394][ 329  406  340  470  275  470  220  540  275  452  408  472  430  570
  450  622  307  686  317  840  300 1014  393  681  396  831  399  970
  315  386  339  386  299  396  367  392][ 335  407  340  475  277  474  224  543  287  469  408  475  430  564
  450  621  308  687  318  840  300 1012  396  680  393  830  399  970
  318  387  339  387  299  397  368  396][ 338  408  340  477  278  476  233  552  297  483  409  477  435  561
  450  620  309  688  319  840  300 1011  393  680  391  830  399  970
  326  388  345  388  299  398  369  397][ 339  403  340  478  279  478  244  564  307  495  409  473  437  561
  455  620  309  689  314  845  300 1010  391  680  391  830  399  970
  328  389  348  383  305  398  369  393][ 339  401  340  473  279  478  255  575  317  498  404  471  438  560
  457  620  309  689  312  847  300 1015  390  685  390  835  399  970
  329  389  355  386  308  399  375  396][ 339  401  340  471  279  479  258  578  319  515  406  471  439  560
  458  620  309  689  311  848  305 1017  390  683  395  833  399  970
  329  384  358  383  308  399  378  398][ 345  400  340  471  279  479  259  579  319  526  408  470  439  560
  459  620  309  689  310  849  307 1018  390  681  397  831  399  970
  336  386  359  381  315  399  379  398][ 348  400  340  475  279  479  255  586  309  529  408  475  439  560
  465  620  309  689  310  849  308 1019  395  681  398  831  399  975
  338  387  366  380  318  399  379  405][ 349  400  340  477  279  479  253  583  304  529  409  477  439  560
  475  620  309  684  310  849  309 1019  397  680  399  830  399  977
  339  383  368  385  319  399  379  403][ 356  405  340  478  279  479  252  582  302  529  409  478  445  560
  478  620  309  686  310  849  309 1019  398  680  399  835  399  974
  339  386  369  387  319  399  379  407][ 358  403  340  485  279  479  251  581  301  526  409  485  448  565
  486  620  309  687  310  849  309 1019  399  685  399  837  399  972
  339  383  369  388  326  394  379  408][ 359  401  345  488  279  479  251  581  301  516  409  488  448  563
  488  620  309  688  315  849  309 1019  399  687  399  838  399  971
  339  381  369  389  328  392  385  409][ 366  406  347  489  279  479  250  574  300  505  409  489  449  566
  489  620  309  689  317  849  309 1019  399  688  399  834  399  970
  345  385  376  389  329  395  388  409][ 368  408  348  489  285  479  256  565  313  494  409  489  449  568
  489  620  315  689  318  849  309 1019  399  689  399  832  399  970
  348  387  378  395  329  397  388  409][ 369  408  355  484  287  474  265  554  325  491  409  489  449  569
  489  620  317  689  319  849  309 1019  399  689  399  831  399  970
  355  388  379  393  329  398  395  404][ 376  404  358  482  288  472  284  543  336  490  409  489  449  569
  489  620  318  684  319  849  309 1019  399  689  399  830  399  970
  358  389  386  392  329  399  405  402][ 378  395  359  474  295  464  296  541  373  466  409  476  444  564
  489  614  319  682  319  849  309 1019  399  684  399  830  399  970
  359  384  388  385  329  399  408  401][ 379  403  354  476  298  466  306  540  378  468  409  477  442  562
  489  616  319  685  325  849  309 1014  399  686  399  830  399  970
  359  386  389  394  329  399  409  405][ 379  406  352  477  294  467  309  543  396  469  409  478  441  561
  489  617  319  687  328  849  309 1012  399  688  399  830  399  970
  366  388  389  397  329  399  409  407][ 379  408  356  473  292  468  317  545  407  469  415  479  434  560
  489  613  319  688  328  849  309 1011  399  688  399  830  405  975
  368  395  389  398  335  399  409  403][ 379  408  353  476  291  468  326  547  426  482  413  479  431  565
  489  616  319  689  329  849  309 1010  399  689  399  830  407  977
  369  393  396  394  338  399  409  402][ 379  409  352  477  291  469  329  554  429  494  412  485  430  567
  489  617  319  689  329  849  309 1015  399  689  405  835  408  978
  369  392  398  397  338  399  404  406][ 379  409  356  478  296  475  329  564  429  505  416  487  435  568
  489  618  319  689  329  849  309 1013  399  689  407  837  409  979
  369  391  399  398  339  399  407  403][ 379  409  353  485  298  477  329  568  429  508  413  488  437  569
  489  619  319  689  329  849  309 1011  399  689  408  838  409  979
  369  391  399  399  339  399  408  401][ 379  409  356  483  298  478  329  569  429  509  412  489  438  569
  489  619  325  689  329  849  309 1016  399  695  409  845  409  979
  369  390  399  399  339  399  408  401][ 379  409  358  482  299  479  329  569  429  506  411  489  438  569
  489  619  323  689  329  849  309 1013  399  693  409  843  409  979
  369  390  399  399  339  399  409  400][ 379  409  358  481  294  479  324  564  417  496  416  484  445  569
  495  619  322  689  329  849  309 1011  399  692  409  842  409  979
  369  390  399  394  339  399  409  400][ 379  409  359  480  292  474  315  562  396  497  418  482  447  569
  493  619  321  689  329  849  309 1011  399  691  409  841  409  979
  369  390  399  392  339  399  409  400][ 379  409  359  474  291  472  304  561  383  485  418  474  444  564
  492  619  320  689  329  849  309 1010  399  690  404  841  409  979
  369  395  394  395  339  399  409  405][ 379  409  359  472  295  471  301  554  381  474  419  471  447  562
  491  619  320  684  324  849  309 1010  399  690  402  834  409  979
  364  393  392  397  339  399  409  403][ 379  404  359  471  297  464  300  544  372  463  414  470  448  561
  490  619  320  686  326  849  309 1010  399  690  401  836  409  979
  366  385  391  385  339  399  409  402][ 379  394  359  470  298  466  293  541  345  467  416  475  449  565
  490  619  320  683  327  849  309 1010  399  690  400  833  409  979
  367  382  390  382  339  399  409  394][ 379  402  359  470  299  462  283  540  332  468  413  477  449  567
  490  619  320  681  323  849  309 1010  399  690  400  831  409  979
  363  385  390  385  334  399  409  392][ 374  406  359  475  299  465  265  544  322  469  416  485  449  568
  490  619  320  685  321  849  309 1010  399  690  400  830  409  979
  354  387  384  386  332  399  404  395][ 372  407  359  484  299  474  261  554  312  469  418  487  455  575
  490  619  320  687  321  849  309 1010  399  690  400  830  409  979
  351  388  381  387  331  399  402  397][ 371  408  359  487  294  477  252  564  293  483  418  488  458  573
  490  619  320  688  320  849  309 1015  399  690  400  830  409  979
  350  388  380  388  330  399  394  398][ 370  409  359  489  292  478  250  575  290  495  419  489  458  572
  490  619  320  689  320  849  309 1017  399  690  400  830  409  974
  350  389  380  388  330  399  391  405][ 364  404  359  489  291  479  250  578  290  514  419  489  454  571
  490  614  320  689  320  849  309 1014  405  684  400  830  409  972
  343  389  380  389  330  399  390  403][ 361  406  354  484  284  479  250  579  295  526  414  484  452  564
  484  612  320  689  325  849  309 1012  403  682  400  830  409  975
  341  389  374  389  330  399  383  407][ 360  408  352  487  281  485  254  586  302  537  412  487  451  566
  474  615  320  689  327  849  315 1016  406  685  400  835  409  977
  340  389  371  389  324  399  381  408][ 353  403  351  488  280  488  256  588  322  539  415  483  450  568
  464  617  320  689  324  849  317 1013  403  687  400  837  409  978
  340  389  370  389  321  399  380  404][ 351  401  344  484  280  489  257  589  327  534  412  481  444  563
  461  618  320  689  327  849  318 1011  402  688  400  838  409  973
  340  389  363  384  321  399  380  402][ 343  405  341  482  280  484  258  585  328  527  411  481  442  561
  453  619  320  689  323  849  319 1011  401  689  400  839  409  976
  333  389  361  386  320  399  380  401][ 341  403  345  481  285  482  259  583  329  507  410  480  441  561
  451  619  320  689  322  849  319 1010  400  689  405  839  409  978
  331  389  360  383  314  399  380  400][ 340  401  342  485  287  486  259  582  308  502  410  480  434  565
  443  619  320  689  321  849  319 1010  400  689  403  839  409  978
  330  389  353  386  311  399  380  400][ 340  406  345  483  288  483  254  574  302  493  410  480  431  567
  441  619  314  689  320  849  319 1010  400  689  402  839  409  979
  330  389  351  387  310  399  374  400][ 333  407  347  481  289  481  244  564  285  465  410  480  430  568
  433  619  312  689  320  849  319 1010  400  689  406  839  409  979
  323  389  343  388  303  405  371  400][ 331  408  343  481  289  481  234  545  273  453  410  480  430  569
  431  619  311  689  320  849  319 1010  400  684  408  839  409  979
  321  389  341  389  301  403  370  400][ 330  409  341  480  284  480  231  541  254  450  410  480  430  569
  423  625  310  689  320  849  319 1010  400  682  408  839  409  979
  320  389  340  389  300  402  370  400][ 330  409  341  480  282  480  223  540  242  450  410  480  430  569
  421  627  310  689  320  849  319 1015  400  685  409  839  409  979
  313  389  340  389  300  406  370  400][ 323  409  340  480  281  480  221  540  232  454  410  480  424  569
  420  628  310  689  320  849  319 1013  400  682  409  839  409  979
  304  389  333  395  300  408  370  400][ 321  409  340  485  280  485  220  543  222  456  410  480  421  569
  413  635  310  689  320  849  319 1016  400  686  409  839  409  979
  301  389  331  397  300  409  364  400][ 320  409  340  487  280  487  224  562  212  472  410  480  420  569
  411  634  310  689  320  849  319 1018  400  687  409  839  409  979
  300  389  330  394  294  409  361  400][ 320  409  340  488  280  488  233  567  210  493  410  480  420  569
  410  632  310  689  320  849  319 1014  400  688  409  839  409  979
  300  395  330  392  291  409  360  400][ 313  409  340  489  285  489  244  576  210  515  404  480  420  569
  410  636  310  695  320  849  319 1012  400  689  409  839  409  979
  300  397  330  391  290  409  360  400][ 311  409  340  489  287  489  255  578  210  535  402  480  420  569
  410  638  315  697  320  849  319 1011  400  689  409  839  409  979
  300  398  330  396  290  415  360  400][ 310  409  340  489  288  495  266  586  210  547  405  480  420  575
  410  639  317  698  314  849  319 1010  400  689  409  839  409  979
  300  399  330  398  290  418  360  400][ 310  409  345  489  289  498  268  588  210  549  407  480  420  573
  410  639  318  699  312  849  319 1010  400  689  409  839  409  979
  300  399  330  398  290  414  354  400][ 310  409  343  489  289  499  269  589  210  549  408  480  420  572
  410  634  319  699  311  849  314 1010  400  689  409  839  409  979
  300  399  330  399  290  417  356  400][ 310  409  342  489  289  499  269  589  210  549  403  474  420  571
  410  637  319  694  310  849  312 1010  400  689  409  839  409  979
  300  399  330  394  290  413  352  394][ 310  409  341  489  289  494  269  585  210  546  401  472  420  570
  410  633  319  692  315  849  315 1010  400  689  409  839  409  979
  300  399  330  392  290  412  351  396][ 315  409  340  489  289  492  265  582  210  528  405  475  420  570
  410  631  319  691  313  849  317 1010  400  689  409  839  409  979
  300  399  330  391  290  411  350  397][ 317  409  340  489  284  491  255  575  210  506  403  477  420  570
  410  631  314  690  316  849  318 1010  400  689  409  839  409  979
  300  394  330  390  290  410  355  393][ 318  404  340  484  274  484  236  564  210  484  401  473  420  570
  415  624  312  690  318  849  313 1010  400  689  409  839  409  974
  300  392  330  384  290  404  357  391][ 319  406  340  482  276  486  231  561  223  464  405  471  425  570
  417  626  311  690  318  849  316 1010  400  684  409  834  409  976
  300  391  330  386  290  406  358  390][ 319  407  340  481  272  482  223  545  227  460  407  471  427  570
  418  627  310  690  319  844  318 1010  400  682  404  832  409  973
  300  390  330  387  290  402  359  390][ 325  408  340  480  271  474  221  541  244  452  403  470  428  570
  419  628  310  684  319  846  318 1010  400  681  402  831  409  971
  305  390  335  388  290  401  359  395][ 323  403  340  474  270  471  224  540  256  450  402  470  429  564
  425  623  310  681  319  847  319 1010  400  680  401  830  409  970
  307  390  337  388  290  400  359  393][ 327  401  340  476  275  474  226  540  266  455  406  475  429  566
  428  626  310  685  319  848  319 1010  400  680  400  830  409  970
  308  390  338  383  295  400  365  391][ 328  401  340  477  277  476  233  544  277  462  407  477  429  567
  435  622  310  687  319  849  319 1010  400  685  400  835  409  970
  309  384  339  381  297  400  367  391][ 329  400  340  478  278  477  244  562  287  482  408  474  429  563
  438  621  310  688  319  849  319 1010  400  687  400  833  409  970
  315  381  339  381  298  400  368  390][ 335  400  340  478  279  478  255  575  297  495  404  472  429  554
  439  620  310  689  319  849  319 1010  400  688  400  831  409  970
  325  385  345  385  299  400  369  390][ 338  400  340  473  274  478  252  578  299  515  402  471  429  551
  446  614  310  689  319  849  314 1010  400  684  400  831  409  970
  328  382  348  382  299  394  369  390][ 339  400  340  471  272  479  251  579  299  526  406  470  435  550
  448  611  310  684  319  849  312 1010  400  682  400  830  409  970
  329  381  349  381  305  391  369  390][ 339  400  340  470  271  479  250  586  299  537  407  470  437  555
  456  610  315  686  325  849  311 1010  400  681  400  835  409  975
  329  380  355  380  308  391  369  395][ 339  400  340  470  270  479  250  588  296  539  403  470  438  552
  458  610  317  687  327  849  310 1010  400  680  400  837  409  977
  329  380  358  380  309  390  369  397][ 345  400  340  470  270  479  250  589  294  534  406  470  439  551
  466  610  318  688  328  849  310 1010  400  680  400  838  409  978
  329  380  359  380  309  390  375  398][ 343  400  340  470  275  479  244  585  292  527  408  470  445  550
  468  604  319  689  329  849  310 1015  405  680  400  839  409  979
  329  380  359  380  309  390  378  394][ 342  394  340  470  277  479  242  583  291  524  408  470  443  550
  476  601  319  689  324  849  310 1013  403  680  400  839  409  979
  335  380  359  380  315  390  378  397][ 346  392  345  475  285  479  241  575  291  507  409  475  447  555
  486  605  319  689  322  849  310 1016  406  685  400  839  409  985
  338  380  366  380  318  390  379  398][ 348  391  347  477  288  474  240  572  290  494  409  477  448  565
  488  607  319  689  326  849  310 1018  403  687  400  839  409  988
  339  380  368  380  319  390  379  398][ 355  395  348  478  289  472  245  564  296  483  409  478  449  563
  489  603  319  689  327  849  310 1014  402  684  400  839  409  984
  339  380  369  380  319  390  379  399][ 358  397  349  479  289  471  247  554  305  481  409  479  449  567
  489  601  319  689  328  849  310 1012  401  682  400  839  409  987
  339  380  369  380  319  395  379  399][ 366  398  349  479  289  470  255  543  324  464  409  479  449  564
  489  600  319  684  329  849  310 1011  400  681  400  839  409  983
  339  380  369  380  319  397  385  394][ 368  394  349  474  289  470  274  541  336  468  409  479  449  562
  489  600  319  682  329  849  310 1010  400  680  400  839  409  982
  345  380  375  380  319  398  388  392][ 369  396  349  472  289  470  286  540  355  471  409  474  449  561
  489  600  319  685  329  849  310 1010  400  680  400  834  409  981
  343  380  378  380  319  399  388  395][ 369  393  349  464  289  470  296  533  375  474  409  464  444  546
  489  600  319  687  329  849  310 1010  400  680  400  832  409  974
  342  380  379  380  319  394  389  397][ 369  391  349  466  289  464  307  536  379  475  409  466  442  548
  489  600  319  688  329  849  310 1010  400  685  394  831  404  972
  346  380  379  380  325  392  389  398][ 369  395  349  474  289  466  309  543  405  477  409  474  441  548
  489  600  319  689  329  849  310 1010  400  687  392  830  402  964
  348  380  379  385  328  396  395  393][ 369  397  349  477  289  467  317  546  417  484  409  477  440  554
  489  605  319  689  329  849  310 1010  400  688  391  830  401  966
  355  385  379  387  328  397  398  392][ 369  405  349  478  289  475  319  563  419  494  404  478  434  557
  489  607  319  689  329  849  310 1010  400  689  390  830  405  967
  358  387  379  388  329  398  399  395][ 375  407  349  479  289  477  319  567  419  505  406  479  436  565
  489  608  319  689  329  849  310 1010  400  689  390  835  402  968
  359  388  379  389  329  399  394  404][ 378  409  349  485  289  478  319  569  414  508  407  485  437  567
  489  609  319  689  329  849  310 1010  394  689  390  833  401  968
  359  389  379  389  329  399  392  407][ 374  409  349  488  289  479  319  565  412  509  408  488  438  564
  489  609  319  689  329  849  310 1010  392  689  390  836  400  969
  359  389  379  389  329  399  396  408][ 372  409  349  484  289  474  319  563  417  505  409  484  438  567
  489  609  319  689  329  849  310 1010  395  689  390  838  400  969
  359  389  379  389  329  399  398  404][ 371  409  349  482  289  472  319  562  418  503  409  482  439  568
  489  609  319  689  329  849  310 1010  392  689  390  834  400  963
  359  389  379  389  329  399  394  402][ 371  409  355  481  289  471  306  561  415  487  415  481  439  564
  489  609  319  689  329  849  310 1015  396  689  390  832  400  966
  359  389  379  389  329  399  396  394][ 370  404  353  474  289  470  302  561  387  482  413  474  439  555
  489  609  319  689  329  849  310 1017  393  684  390  831  400  967
  354  389  379  389  329  394  398  396][ 370  402  352  472  289  470  301  546  382  473  412  472  439  552
  489  609  319  689  329  849  310 1018  396  686  395  835  400  968
  352  384  379  384  329  392  398  397][ 364  401  351  475  289  470  300  542  373  471  411  471  445  555
  489  609  314  689  329  849  310 1019  398  687  393  837  400  969
  344  382  374  382  324  391  394  398][ 362  394  350  477  289  470  293  540  345  463  410  475  447  557
  489  609  316  689  324  849  310 1019  398  688  392  838  400  969
  341  381  372  381  326  390  392  398][ 361  396  350  478  295  470  275  540  332  461  410  484  448  564
  489  609  317  689  322  849  310 1019  399  689  391  834  400  969
  340  380  371  380  323  390  391  393][ 360  397  350  479  297  475  263  540  313  463  410  483  449  567
  489  609  313  689  321  849  310 1019  399  689  390  832  400  969
  340  380  370  385  326  395  390  396][ 360  398  350  479  294  473  253  545  302  473  410  482  449  564
  489  609  311  689  320  849  310 1014  399  689  390  831  400  969
  340  385  370  387  323  397  390  397][ 360  398  350  479  292  476  250  554  292  476  410  481  449  562
  489  604  310  689  320  849  310 1016  399  684  390  830  400  969
  340  383  370  383  326  398  390  398][ 360  399  350  479  291  478  250  573  290  493  410  481  449  561
  489  606  310  689  320  849  310 1018  399  686  390  830  400  969
  340  381  370  382  323  399  384  399][ 360  399  350  485  290  479  250  578  290  505  410  486  449  566
  489  607  310  689  320  849  310 1018  399  687  390  830  400  969
  340  386  370  381  321  399  381  405][ 354  399  350  487  284  485  250  586  290  525  410  488  449  568
  484  608  310  689  320  849  310 1019  399  688  390  830  400  975
  340  388  370  385  321  399  381  407][ 351  399  344  488  282  483  250  588  293  528  410  489  444  564
  474  609  310  689  320  849  310 1019  399  683  390  835  400  977
  340  384  370  387  320  399  380  408][ 351  399  342  484  281  482  254  596  295  529  410  484  442  562
  471  609  310  689  320  849  310 1019  399  681  390  837  400  978
  340  386  370  388  320  399  380  404][ 350  405  341  487  280  486  257  598  303  545  410  482  441  561
  463  609  310  689  320  849  310 1019  399  685  390  838  400  979
  334  388  364  389  314  405  380  402][ 344  403  340  483  280  483  258  595  314  538  410  474  440  560
  461  609  310  689  314  849  310 1019  399  687  390  839  400  979
  332  388  362  389  311  403  380  401][ 341  402  340  481  274  482  258  593  317  535  410  472  440  560
  460  609  310  689  312  849  310 1019  399  688  390  834  400  979
  331  384  361  384  311  402  380  400][ 340  406  340  481  271  486  254  586  307  527  410  475  440  560
  453  609  310  689  311  849  310 1019  399  689  390  836  400  979
  330  386  354  386  310  401  374  400][ 340  403  340  480  275  483  252  582  303  515  410  477  440  560
  451  609  310  689  310  849  310 1014  399  689  390  838  400  979
  330  388  351  388  310  400  371  400][ 340  406  340  480  277  482  251  574  294  504  410  478  440  560
  450  609  310  689  310  849  310 1016  394  689  390  838  400  979
  330  388  350  388  304  400  371  400][ 334  408  340  485  278  481  244  571  284  485  410  478  440  560
  443  609  310  689  310  849  310 1013  392  689  390  839  400  979
  324  389  343  389  301  400  370  400][ 331  409  340  483  278  480  234  563  265  464  410  479  440  560
  441  615  310  689  310  849  310 1011  391  689  390  839  400  979
  314  389  341  389  300  400  370  400][ 324  409  340  481  273  480  224  554  253  461  410  479  440  560
  440  617  304  689  310  849  310 1010  390  689  390  839  400  979
  311  389  333  395  300  400  364  400][ 326  404  340  481  271  480  221  543  242  452  410  479  440  565
  440  618  302  689  310  849  310 1010  390  684  390  839  400  979
  310  389  336  393  294  400  361  394][ 322  406  340  480  271  485  220  541  224  450  410  479  440  567
  440  625  301  689  310  849  310 1010  390  682  390  839  400  974
  303  389  332  392  291  405  360  392][ 321  408  340  480  264  487  220  544  212  455  404  479  434  568
  433  628  300  689  310  849  310 1010  390  685  390  839  400  976
  301  389  331  391  290  407  354  391][ 313  408  340  485  266  488  220  552  202  457  402  479  432  569
  431  629  305  689  310  849  310 1010  390  687  395  839  400  977
  293  389  323  390  290  408  351  390][ 311  404  340  487  267  489  224  564  200  481  401  479  431  569
  430  629  303  689  310  849  310 1010  390  688  397  839  400  978
  291  389  325  384  290  409  350  390][ 303  406  334  488  263  489  227  567  192  495  400  479  430  569
  430  636  301  689  304  849  310 1015  390  689  394  839  400  979
  290  389  322  386  284  409  350  390][ 301  408  332  489  266  489  235  575  190  506  394  479  424  569
  430  638  301  689  302  849  310 1013  390  689  392  839  400  979
  290  389  321  387  281  409  350  395][ 300  408  331  489  267  489  237  578  190  525  391  479  421  569
  430  639  300  689  301  849  310 1016  390  689  391  839  400  974
  290  389  320  388  285  409  350  397][ 300  409  335  489  268  489  245  579  190  537  390  479  420  569
  430  639  300  689  300  849  310 1018  390  689  390  839  400  972
  290  389  313  389  287  409  344  398][ 300  409  337  489  283  489  255  579  194  547  390  479  420  569
  430  639  300  695  300  849  310 1019  390  689  390  839  400  975
  290  389  311  389  288  409  341  399][ 300  409  338  489  287  489  258  579  196  549  390  479  420  569
  430  639  300  697  300  849  310 1019  390  689  390  839  400  972
  290  389  310  389  288  409  340  394][ 300  409  339  489  285  489  255  579  192  544  390  479  420  569
  430  639  300  698  300  849  310 1014  390  689  390  839  400  971
  290  389  310  389  289  409  340  392][ 300  409  334  484  276  489  246  579  191  537  390  474  420  569
  430  639  300  694  300  849  310 1016  390  689  390  839  400  970
  290  389  310  389  289  409  340  391][ 300  409  332  482  273  489  243  574  190  517  390  472  420  569
  430  639  300  692  300  849  310 1013  390  689  390  839  400  975
  290  389  310  389   -1   -1  340  390][ 300  404  331  481  264  489  234  572  190  495  395  471  420  569
  430  639  300  691  300  849  310 1011  390  689  390  839  400  973
  290  389  315  384  280  410  340  390][ 300  402  330  480  261  489  232  564  195  474  397  470  425  569
  430  634  300  690  305  844  304 1011  390  689  390  834  400  971
  290  389  317  382  280  410  345  390][ 300  401  330  480  260  484  223  545  204  462  398  470  423  569
  430  632  300  690  307  846  302 1010  390  689  390  832  400  971
  290  389  318  385  280  404  343  390][ 300  400  330  474  260  474  221  541  215  452  399  470  422  564
  430  624  300  690  308  843  301 1010  390  684  390  831  400  970
  290  384  319  382  280  402  341  390][ 305  400  330  471  260  471  220  540  243  433  399  470  421  562
  430  614  300  690  309  841  300 1010  390  682  390  830  400  970
  295  382  319  381  280  401  346  390][ 307  400  330  470  260  470  220  540  248  430  399  470  426  561
  430  611  300  684  309  840  300 1004  390  681  390  824  400  970
  297  381  325  380  285  394  348  384][ 308  400  330  470  265  470  220  540  257  445  394  470  423  554
  430  610  300  686  304  840  300 1001  390  680  390  826  400  970
  298  380  328  380  287  391  348  386][ 309  394  335  470  274  475  225  544  275  461  392  470  426  556
  435  610  300  687  302  845  300 1005  390  685  390  827  400  970
  299  380  328  380  288  395  355  387][ 315  391  337  470  273  472  234  546  287  474  395  470  428  557
  437  610  300  688  301  847  300 1007  390  687  390  828  400  970
  299  380  329  380  289  392  358  388][ 318  395  338  470  272  476  245  563  297  494  397  470  429  558
  438  603  300  689  300  848  305 1008  384  683  390  828  400  970
  299  380  329  380  289  395  359  389][ 325  397  334  464  271  473  248  567  307  498  398  464  424  545
  439  594  300  683  305  844  307 1003  386  682  390  829  400  970
  305  380  335  380  295  392  359  389][ 335  398  332  461  264  471  249  569  309  515  399  462  426  547
  439  591  300  681  307  842  308 1001  387  681  390  829  400  970
  315  380  338  380  298  391  366  389][ 338  399  331  465  267  471  249  576  309  526  399  461  428  542
  445  590  300  681  308  841  309 1001  388  680  390  824  400  970
  325  380  345  380  299  390  368  389][ 339  394  335  467  268  475  249  578  305  537  399  465  428  545
  455  590  300  680  309  840  309 1005  389  680  390  821  400  970
  328  380  348  380  299  390  369  389][ 339  392  337  468  268  477  249  579  303  547  399  462  435  546
  458  590  300  680  309  840  309 1007  389  680  390  825  400  970
  329  380  356  380  305  390  369  389][ 346  391  338  463  269  473  249  579  296  549  399  461  437  542
  466  590  305  680  309  845  309 1008  389  680  395  827  400  970
  336  380  358  380  308  384  376  389][ 348  390  339  461  269  472  244  579  293  544  399  466  445  541
  476  583  303  680  309  843  309 1009  389  674  397  828  400  970
  338  380  366  380  315  381  378  389][ 349  390  339  465  275  471  235  579  291  528  405  467  448  545
  486  586  302  680  309  841  309 1009  389  676  394  829  400  970
  339  380  368  380  318  381  379  389][ 349  390  339  462  285  464  232  574  291  515  407  468  449  542
  496  587  301  680  309  841  309 1009  389  677  392  829  400  970
  339  380  369  374  319  380  379  389][ 356  390  339  461  288  462  235  565  290  504  408  469  449  546
  498  588  306  685  309  840  309 1009  389  678  391  829  400  970
  339  380  369  376  319  380  386  389][ 365  390  345  465  289  461  236  554  290  493  409  469  449  547
  499  588  308  683  309  840  309 1009  389  679  390  824  400  964
  346  380  376  377  326  380  388  389][ 368  390  347  467  289  460  244  551  303  474  409  469  449  548
  499  589  308  682  309  840  309 1009  389  679  390  822  400  962
  348  374  378  378  328  380  389  384][ 369  390  348  463  289  460  254  543  324  462  409  469  449  544
  499  589  309  681  315  840  309 1009  395  679  390  821  400  961
  349  372  379  379  329  380  396  382][ 376  384  349  462  289  454  265  533  328  467  409  469  449  546
  499  589  309  680  317  834  309 1004  393  679  390  820  400  960
  356  371  379  373  329  380  405  381][ 378  382  355  461  296  456  284  531  345  469  409  464  449  543
  499  584  309  674  318  832  309 1002  392  674  390  820  400  960
  365  370  386  371  336  380  403  374][ 379  381  358  460  298  452  296  523  374  454  415  462  444  541
  499  581  315  672  319  831  309 1001  391  672  390  814  400  954
  363  370  388  371  334  380  407  376][ 379  380  359  460  299  451  307  526  378  459  418  461  442  534
  499  581  318  664  319  824  309 1000  390  671  390  811  400  951
  367  370  389  370  337  380  408  377][ 379  380  359  460  299  450  317  528  405  459  418  460  441  531
  499  580  318  666  325  821  309 1000  390  670  390  810  400  950
  368  370  396  370  338  380  409  378][ 379  380  366  460  299  450  327  528  417  459  419  460  445  535
  499  580  319  667  328  825  309 1000  395  670  390  815  405  955
  369  370  398  370  339  380  409  378][ 379  380  368  460  299  450  337  529  427  459  419  460  442  537
  499  585  319  668  329  827  309 1000  393  675  390  817  407  957
  369  370  399  370  339  380  409  379][ 385  385  369  460  299  450  339  535  437  473  419  465  441  544
  499  587  319  668  329  828  309 1000  396  677  395  818  408  958
  369  370  399  370  345  380  409  379][ 388  387  364  460  299  450  339  537  447  485  414  467  441  555
  499  588  319  669  329  828  309 1000  393  673  397  825  409  959
  376  370  399  370  348  380  415  379][ 389  388  362  460  299  450  339  538  442  496  412  468  440  558
  494  589  319  669  329  835  309 1000  396  676  405  823  404  954
  378  370  399  370  349  380  418  379][ 389  389  366  460  299  450  339  539  440  492  415  469  445  559
  496  589  319  669  329  837  309 1000  398  678  408  827  402  952
  374  370  399  370  349  380  419  379][ 389  389  368  460  299  450  339  539  440  486  417  464  447  559
  497  589  319  669  329  838  309 1000  399  678  409  828  401  951
  372  370  405  370  349  380  419  379][ 389  389  368  460  299  450  335  539  435  476  418  462  448  546
  498  595  319  669  329  834  309 1000  399  679  409  829  400  950
  376  370  408  370  349  380  414  379][389 384 369 454 299 450 325 539 426 465 419 461 449 542 499 598 319 669
 329 832 309 994 399 674 409 824 400 950 373 370 404 370 344 380 412 379][384 382 369 452 299 450 322 534 397 472 419 454 444 534 499 594 319 664
 329 831 309 992 399 672 409 822 400 950 372 370 402 370 342 374 411 379][382 374 364 451 299 450 314 532 383 471 419 451 446 536 494 592 319 662
 329 830 309 991 399 671 409 821 400 950 371 364 394 370 341 372 410 374][381 371 362 450 299 450 304 524 372 446 419 450 448 537 492 591 319 661
 329 824 309 990 399 664 409 814 400 950 364 362 392 364 334 371 410 372][380 370 365 450 299 450 293 521 354 448 419 455 448 538 491 590 319 660
 329 822 309 990 399 661 404 811 400 950 366 361 391 362 336 370 404 371][374 370 367 455 305 450 274 520 342 449 419 457 449 544 490 590 319 665
 329 821 309 990 399 665 402 810 400 950 362 365 384 361 332 370 406 370][371 375 368 457 307 450 263 525 323 449 419 458 455 547 490 590 319 667
 329 820 309 990 405 667 401 810 400 950 361 367 381 360 331 370 402 370][370 377 364 458 304 450 260 527 294 443 419 459 453 543 490 590 319 663
 324 820 309 995 407 668 400 815 400 950 354 368 380 360 330 370 401 375][370 378 362 459 295 455 252 535 282 445 419 465 452 542 490 590 319 666
 322 825 309 997 404 668 400 817 400 950 351 369 380 365 330 370 394 377][370 379 361 459 292 457 243 537 272 462 419 467 451 546 490 590 319 668
 321 823 309 994 402 669 400 818 400 950 343 369 380 367 330 370 391 378][364 379 360 459 291 458 247 545 270 475 419 464 450 548 484 595 319 663
 320 821 309 992 406 664 400 814 400 950 341 369 373 363 330 370 390 374][354 374 360 459 290 459 248 555 279 486 419 462 450 543 474 593 319 662
 320 821 309 991 403 661 400 812 400 950 340 364 371 362 324 370 390 372][351 372 354 459 290 454 249 558 283 505 419 461 450 546 464 592 319 661
 320 814 304 990 402 661 400 804 400 950 340 362 370 361 321 370 383 371][350 371 351 459 284 452 249 566 286 516 414 461 444 548 461 591 314 660
 320 816 302 990 401 660 394 806 400 950 340 361 370 360 320 370 381 370][343 375 344 454 281 456 249 568 293 519 412 454 442 543 453 590 316 660
 320 812 305 990 400 660 396 807 400 950 333 360 363 360 320 370 380 370][341 373 341 456 280 457 255 566 304 519 411 452 441 534 451 584 313 660
 314 816 307 984 400 660 393 808 400 950 331 360 361 360 314 370 380 370][340 371 340 453 280 453 257 564 315 509 410 451 440 532 443 582 311 660
 311 817 308 982 400 660 391 808 400 950 330 360 360 360 311 370 373 370][340 371 340 451 280 452 258 562 318 497 410 450 440 535 441 585 310 660
 304 818 309 981 400 660 390 809 400 950 330 360 353 360 310 370 371 370][340 370 340 455 280 456 254 555 307 485 410 450 434 536 433 582 310 660
 306 819 309 980 394 660 390 809 400 950 323 365 351 360 310 370 370 370][340 370 340 452 285 453 252 545 303 474 410 450 431 538 431 586 310 660
 307 819 304 980 392 660 390 809 394 950 321 363 343 360 303 370 370 370][333 370 340 451 283 451 251 542 295 463 410 450 430 538 430 587 310 660
 308 819 302 980 391 660 390 809 392 944 320 361 341 360 301 370 370 370][331 370 340 450 281 451 244 533 275 444 410 450 430 539 423 588 310 660
 308 819 301 980 390 660 390 809 391 942 320 361 340 360 300 370 370 370][330 370 340 450 274 450 234 531 254 432 410 450 430 539 421 595 310 660
 309 814 300 980 390 660 390 809 390 941 313 360 340 360 300 370 370 370][330 375 340 450 276 450 231 530 242 422 410 450 430 539 420 593 304 660
 309 812 300 980 390 660 390 809 390 940 311 360 340 360 300 370 364 370][324 373 340 450 277 450 230 530 223 427 410 450 424 539 420 597 302 660
 309 811 300 980 390 660 390 809 390 940 303 360 333 360 294 370 361 370][321 372 340 450 273 455 230 530 212 439 410 450 426 539 420 598 301 660
 309 815 300 980 390 660 390 809 390 940 301 360 331 360 291 370 360 370][320 371 340 455 271 457 230 530 202 444 410 450 422 539 420 599 305 660
 309 817 300 980 390 660 390 809 390 940 300 360 330 360 290 370 360 370][320 370 340 453 270 458 230 535 200 463 404 450 421 539 420 599 307 660
 309 818 300 980 390 660 390 809 390 945 300 360 330 360 290 370 354 370][320 370 340 452 270 459 235 537 192 484 402 450 420 539 420 599 308 660
 309 814 300 980 390 660 390 809 390 947 300 360 330 360 290 375 351 364][314 370 340 456 275 459 244 545 190 496 401 450 420 539 420 605 309 660
 309 816 300 980 390 660 390 809 390 944 300 360 330 360 290 377 350 366][311 370 340 458 284 459 247 555 195 515 400 450 425 539 420 608 309 660
 309 818 300 980 390 660 390 809 395 947 300 360 330 360 290 378 350 367][310 375 340 458 283 459 256 566 197 527 400 450 427 539 420 609 309 665
 309 818 300 980 390 665 390 809 397 948 300 365 330 360 290 379 350 368][310 377 340 459 282 459 258 568 198 529 400 450 423 539 420 609 309 667
 304 819 300 980 390 667 390 809 398 949 294 367 330 360 290 379 350 369][310 378 340 459 281 465 259 576 198 537 400 450 422 539 420 609 309 668
 302 825 300 980 390 668 390 815 399 949 291 368 324 360 290 379 350 369][310 379 340 459 286 468 259 573 199 539 400 450 421 539 420 609 309 669
 301 823 300 980 390 669 390 817 399 949 290 369 321 360 290 379 350 369][310 379 340 459 288 468 259 571 199 534 400 455 425 539 420 609 309 669
 300 827 300 980 390 669 390 818 399 949 290 369 325 360 290 379 350 369][310 379 340 459 284 469 254 571 199 518 400 457 427 539 420 609 309 669
 300 828 300 980 390 669 390 814 399 949 290 369 327 360 290 379 350 369][310 379 340 459 282 469 252 565 199 505 400 454 423 539 420 609 309 669
 300 824 300 980 390 669 390 812 399 949 295 369 328 360 290 385 350 369][310 379 340 459 281 469 244 562 205 494 400 452 426 539 420 609 309 669
 305 822 300 980 390 669 390 811 399 949 297 369 329 360 290 383 350 369][310 374 340 459 274 464 242 546 207 474 400 451 428 539 420 609 304 669
 307 821 300 980 390 669 390 810 399 949 298 364 329 360 290 382 350 369][310 372 340 454 272 462 234 542 215 463 400 450 423 539 420 609 306 664
 308 820 300 985 390 664 390 810 399 949 299 362 329 360 290 381 350 369][315 371 334 452 264 461 231 540 218 452 400 450 426 539 420 609 303 666
 309 820 300 987 390 662 390 810 399 949 299 361 329 360 290 374 350 369][317 370 332 451 266 460 230 533 234 434 400 450 423 539 420 609 301 667
 309 820 300 988 390 661 390 810 399 949 299 360 329 360 290 372 350 369][318 375 335 450 267 460 230 531 246 430 400 450 421 539 420 609 300 668
 309 820 300 984 390 660 390 810 399 949 299 365 329 365 290 371 355 369][319 377 337 455 274 460 230 530 265 446 400 455 421 545 420 609 305 669
 309 820 300 982 390 665 390 810 399 949 299 367 329 367 290 375 357 375][325 378 338 457 272 460 235 534 285 452 400 457 425 547 420 604 303 669
 309 820 300 981 390 667 390 810 399 949 305 368 335 368 290 377 358 377][328 379 339 458 276 460 237 536 297 463 400 458 427 548 420 606 301 669
 304 820 305 980 390 668 390 810 399 949 307 369 337 364 295 373 365 374][329 379 339 459 273 460 245 544 307 474 400 459 428 544 425 603 301 669
 306 820 307 985 390 669 390 810 399 949 315 369 338 362 297 371 368 372][329 379 339 454 272 460 247 555 317 485 400 454 429 542 427 606 305 669
 303 820 304 987 390 669 390 810 399 949 318 369 339 361 298 371 369 371][336 379 339 456 271 460 249 558 327 496 405 456 429 541 428 603 307 669
 301 825 302 988 390 669 390 810 399 949 326 369 345 365 299 375 369 370][338 379 339 453 270 460 249 559 329 515 407 453 429 540 429 601 308 664
 300 823 301 984 395 664 390 810 399 949 328 369 348 367 305 377 369 370][339 379 339 456 270 460 249 566 322 535 408 456 429 540 429 600 309 666
 300 826 300 986 393 666 390 815 399 949 329 369 349 368 308 378 369 375][339 379 339 457 270 460 244 568 318 539 409 458 429 540 435 600 309 667
 305 828 300 988 392 668 390 817 399 949 329 369 356 369 309 379 375 377][339 379 339 458 270 460 235 569 307 547 409 458 435 545 445 594 309 668
 303 829 300 988 391 668 390 818 399 949 329 369 358 369 309 379 378 378][339 379 339 459 270 460 224 569 295 549 409 459 437 543 448 591 304 669
 306 829 300 989 390 669 390 819 399 949 329 369 359 369 309 379 379 379][345 379 339 459 270 460 221 556 292 541 409 459 438 546 456 595 306 669
 308 829 300 989 390 669 390 819 399 955 336 369 366 369 315 379 379 379][348 379 339 459 270 454 220 552 291 518 409 459 439 548 458 597 303 669
 304 829 305 989 390 669 390 819 399 957 338 369 368 369 318 374 379 379][355 379 339 454 270 452 224 544 290 504 409 459 439 549 459 598 306 664
 306 824 303 989 390 664 390 814 399 958 339 364 369 369 319 372 379 379][358 379 339 456 275 451 226 541 290 493 409 459 439 555 459 598 303 666
 308 822 302 989 390 662 390 812 399 954 339 366 369 369 319 371 385 379][359 379 339 457 277 450 227 540 295 474 409 459 439 558 459 599 301 667
 303 821 301 989 390 665 384 811 399 952 339 363 369 369 319 370 388 379][359 379 339 458 278 450 234 533 297 471 409 459 439 554 459 599 300 668
 306 820 300 989 390 667 382 810 399 956 339 361 369 369 319 370 389 379][359 379 339 459 285 450 245 531 305 462 404 459 439 552 459 594 300 669
 308 820 300 989 390 668 381 810 399 958 339 365 369 369 319 370 389 374][366 379 345 459 288 455 248 523 324 460 406 465 439 551 465 596 300 669
 303 820 300 989 390 669 380 810 399 958 345 367 375 369 325 375 395 372][368 379 347 454 289 453 256 521 336 460 407 463 439 551 468 597 300 669
 301 820 300 989 390 669 380 810 399 959 348 368 378 369 328 373 393 375][369 379 348 452 289 451 274 513 364 463 408 462 439 544 469 598 300 664
 301 820 300 989 390 664 380 810 399 959 348 369 379 369 328 371 392 377][364 379 349 451 289 451 295 516 377 465 409 461 439 542 469 599 300 662
 305 820 300 989 390 662 380 810 399 959 344 369 379 369 329 371 391 378][362 379 349 455 289 450 298 523 387 466 415 460 439 545 469 599 300 661
 307 820 300 989 384 665 380 810 399 959 342 369 379 369 329 370 391 379][366 379 344 457 289 450 299 526 406 474 413 460 434 547 469 605 300 660
 308 820 300 989 386 667 380 810 394 959 346 369 379 369 329 375 390 379][368 379 342 458 289 450 307 528 417 484 412 460 432 555 464 607 305 665
 309 825 300 989 387 668 380 815 392 959 348 369 379 369 329 377 390 379][368 379 341 459 289 450 309 535 419 487 411 465 431 557 462 608 307 667
 309 827 300 989 383 669 380 817 391 959 348 369 379 369 329 378 390 379][369 379 345 459 289 450 309 533 419 489 410 467 435 565 461 609 304 668
 309 828 300 989 386 675 385 818 390 959 349 369 379 369 329 379 390 379][369 379 347 459 289 450 306 537 419 489 410 468 437 563 465 609 302 669
 309 829 300 989 387 677 387 819 390 959 349 369 379 369 329 379 390 379][364 379 348 459 289 450 304 534 408 489 415 469 438 556 467 609 301 664
 309 824 300 984 388 674 388 819 390 959 344 369 374 369 329 379 390 379][362 379 349 459 289 450 295 532 358 489 418 464 439 553 468 604 300 662
 304 826 300 986 389 672 384 819 390 959 342 369 372 369 329 379 390 379][361 379 349 459 289 450 297 524 368 476 414 462 439 551 469 602 300 661
 302 828 300 987 389 671 382 819 390 959 341 369 371 369 324 379 390 379][354 379 344 459 284 450 293 514 375 464 412 461 439 550 469 601 300 660
 301 823 300 988 389 671 381 814 390 959 340 369 370 369 322 379 390 379][356 379 346 459 286 450 267 511 355 461 411 465 439 555 469 605 300 660
 300 826 300 989 389 670 380 812 390 959 340 369 370 369 321 379 390 379][357 379 348 459 287 450 261 514 334 453 410 467 439 557 469 603 300 665
 300 828 300 989 389 670 380 815 390 959 340 364 370 364 320 374 390 374][353 379 348 459 288 455 252 516 313 451 410 468 439 558 469 606 300 667
 300 823 300 989 384 670 380 817 390 959 340 366 370 362 320 376 390 372][351 374 349 459 289 453 250 524 302 450 410 469 439 559 469 603 300 668
 300 821 300 989 386 670 380 818 390 959 334 363 364 361 314 377 384 371][350 376 349 459 289 452 243 527 292 450 410 469 439 559 464 601 300 669
 300 821 300 989 387 670 380 819 390 959 331 366 361 360 316 373 382 370][344 377 349 459 289 451 241 528 290 454 410 464 439 554 462 601 300 669
 300 820 300 989 388 670 380 819 390 959 331 367 361 365 312 376 381 370][341 378 349 459 289 456 233 535 282 464 410 466 439 552 461 600 300 669
 300 820 300 989 389 670 380 819 390 959 330 368 360 367 311 377 380 375][340 379 349 459 289 458 236 545 272 475 410 463 439 551 460 600 305 664
 300 820 300 989 389 664 380 814 390 959 330 369 354 368 310 378 380 377][340 379 344 459 284 458 237 556 277 485 410 461 439 544 460 600 303 662
 300 820 300 989 389 662 380 812 390 959 330 369 351 369 310 373 374 373][340 379 342 454 282 454 238 566 281 496 410 460 439 541 460 600 302 661
 300 825 300 989 389 661 380 815 390 959 330 369 350 369 310 376 371 372][340 379 341 456 274 457 244 568 284 506 410 460 439 540 454 600 301 665
 300 827 300 989 389 660 380 817 390 959 330 369 350 369 310 377 370 376][340 379 340 457 276 458 247 569 286 525 410 460 439 545 451 600 300 667
 300 828 300 989 389 665 380 818 390 959 324 369 350 369 310 378 370 377][340 379 340 458 277 458 248 569 287 521 410 460 439 542 444 600 300 668
 300 829 300 989 389 667 385 819 390 954 321 369 350 369 304 379 370 378][334 379 340 459 273 459 249 569 288 516 410 460 434 546 441 605 300 669
 300 829 300 989 389 668 387 819 390 952 314 369 344 369 301 379 370 379][331 385 340 459 271 459 249 565 288 498 404 460 436 543 440 607 300 675
 300 829 300 989 389 669 384 819 384 951 311 369 341 375 301 379 364 379][324 383 340 459 270 459 244 555 289 476 402 460 433 541 433 608 300 673
 300 829 300 989 384 669 382 819 382 950 303 369 334 373 294 379 361 379][321 382 340 459 270 459 234 544 275 463 401 460 431 541 431 609 300 672
 300 829 300 989 386 669 381 819 385 950 301 369 331 372 291 379 360 379][320 381 334 459 270 459 231 541 264 467 400 454 430 540 430 609 300 671
 300 829 300 989 383 664 380 814 387 950 300 369 330 371 290 379 354 374][313 380 332 459 264 459 223 540 253 445 400 452 430 540 430 609 300 671
 300 829 300 989 381 666 380 816 388 950 300 369 330 364 290 379 351 372][311 380 331 459 261 459 221 533 234 441 400 455 424 540 430 609 300 670
 300 824 300 989 380 668 380 817 389 950 300 369 330 366 290 379 350 371][310 380 330 459 260 459 220 531 214 440 400 457 421 540 423 609 300 670
 300 822 300 984 380 663 380 818 389 950 300 369 330 367 283 379 350 370][310 380 330 459 260 459 220 530 202 444 400 458 420 540 421 609 300 670
 300 821 300 986 380 666 380 819 389 950 300 369 330 363 281 379 350 370][310 380 330 459 260 459 220 530 200 446 400 459 420 540 420 609 300 670
 300 825 300 987 380 667 380 814 389 950 294 369 330 366 280 379 350 370][310 380 330 459 260 459 220 530 192 453 394 459 420 540 420 609 300 670
 300 827 300 988 380 663 380 816 384 950 291 369 330 367 280 379 350 370][310 380 330 459 265 459 225 535 182 473 392 459 420 540 420 615 300 664
 300 823 300 983 380 661 380 817 382 950 290 369 324 368 285 379 350 370][304 380 330 459 275 465 234 544 180 485 391 459 420 540 420 617 300 666
 300 822 300 986 380 661 380 818 385 950 290 369 321 369 282 379 350 370][301 380 330 459 273 467 237 555 180 496 390 459 420 545 420 618 300 667
 300 821 300 983 380 665 380 819 387 955 290 369 321 369 281 379 344 370][300 380 330 465 272 475 239 566 180 506 390 459 420 547 420 619 300 675
 300 825 300 981 380 667 380 819 388 957 290 375 320 369 280 379 341 375][300 380 330 467 271 485 239 568 180 509 390 459 420 548 420 619 300 673
 300 827 300 980 380 668 380 819 389 958 290 377 320 369 280 385 341 377][300 380 330 468 271 488 239 569 180 509 390 459 420 549 420 619 300 676
 300 828 300 980 380 669 380 819 389 959 290 378 320 369 280 387 340 378][300 380 330 469 270 485 239 566 180 506 390 459 420 549 420 619 300 678
 300 829 300 985 380 669 380 819 389 959 290 374 320 369 280 388 340 379][300 380 330 464 270 476 234 556 180 497 390 459 420 544 420 619 300 674
 300 829 300 983 380 669 380 819 384 954 290 372 320 369 280 384 340 374][305 380 330 462 264 465 232 545 185 476 390 459 420 542 420 619 300 672
 300 824 300 981 380 664 380 814 386 956 290 371 320 369 280 382 345 372][307 380 330 461 262 462 231 542 194 464 390 459 420 541 420 614 300 671
 300 822 300 986 380 662 380 812 387 958 290 370 325 369 280 381 347 371][308 380 330 460 261 461 224 533 205 453 390 459 420 540 420 612 294 664
 300 821 300 988 380 661 380 811 388 958 290 370 327 364 280 374 348 370][304 380 330 454 260 460 214 531 208 443 395 454 420 540 420 611 292 666
 300 820 294 988 380 660 380 810 383 959 290 370 324 362 280 376 349 370][306 380 330 451 260 453 211 530 224 432 393 452 420 540 420 604 291 662
 300 820 292 989 380 660 380 810 381 959 295 370 327 365 285 372 349 370][308 380 330 450 260 451 210 530 236 430 392 451 414 540 420 601 290 661
 300 820 291 995 380 660 380 810 381 959 297 370 328 362 287 371 349 370][315 380 330 455 260 455 210 530 246 435 391 455 416 540 420 600 290 665
 300 820 290 993 380 660 380 810 380 954 298 370 329 361 288 370 349 370][317 380 330 457 260 456 214 535 257 451 390 457 417 540 420 600 290 667
 300 820 290 992 380 665 380 810 380 952 299 370 329 360 289 370 349 370][318 380 330 458 260 458 217 537 275 464 390 458 418 540 420 600 290 668
 300 820 290 991 380 667 380 810 380 951 299 370 329 360 289 370 349 370][319 380 330 459 260 458 218 538 287 468 390 459 419 540 425 600 295 669
 300 820 290 991 380 664 380 810 380 950 299 370 329 365 289 370 349 370][319 380 330 454 260 459 225 545 289 484 390 459 419 540 427 600 293 669
 300 820 290 990 380 662 380 810 380 950 305 370 329 367 289 370 349 370][325 380 330 456 260 459 227 555 289 496 390 459 419 540 428 600 296 664
 300 820 290 990 380 661 380 810 380 950 308 370 335 368 289 370 355 370][328 380 330 453 260 459 224 565 289 506 395 459 419 540 435 594 298 662
 300 820 290 990 380 660 380 810 380 950 315 370 337 369 295 370 357 370][329 380 330 451 260 459 222 568 286 525 397 454 425 540 445 591 299 661
 300 820 290 990 380 660 380 810 380 950 318 370 338 369 298 370 365 370][336 380 330 455 260 459 221 569 284 537 398 456 427 540 448 591 299 660
 300 820 290 990 380 660 380 810 380 950 319 370 339 369 298 370 368 375][338 380 330 453 260 459 221 569 283 532 394 453 428 534 449 590 299 660
 300 820 290 990 380 654 380 810 380 950 326 370 345 364 299 370 369 373][339 380 330 451 260 454 220 565 282 520 392 451 429 536 456 590 294 665
 300 820 290 990 380 656 380 810 380 950 328 370 348 366 299 370 369 372][339 380 330 451 260 452 220 555 281 515 391 450 429 537 458 590 292 663
 300 820 290 984 380 657 380 810 380 950 329 370 349 368 299 370 369 371][339 374 330 450 265 451 220 544 286 497 390 455 429 538 466 595 291 666
 300 820 290 986 380 665 380 810 380 950 329 364 356 363 299 370 376 370][339 376 330 450 267 450 220 541 288 484 390 457 429 539 468 593 290 668
 300 825 290 987 380 667 380 810 380 950 329 362 358 361 299 370 378 376][339 373 330 450 268 450 220 533 289 473 390 458 429 533 469 591 295 668
 300 823 290 988 380 668 380 810 380 950 329 361 359 361 305 370 379 373][339 371 330 450 269 450 225 531 295 463 390 459 429 536 469 591 293 664
 300 822 290 989 380 664 380 810 380 950 329 360 359 360 303 370 379 372][345 370 330 450 269 450 243 523 305 460 390 459 429 537 469 590 291 662
 300 821 290 989 380 662 380 810 380 950 329 360 359 360 307 370 379 371][348 370 330 450 269 450 248 521 308 452 390 459 424 538 469 590 296 661
 300 820 290 989 380 661 380 810 380 955 335 360 366 360 308 370 379 370][348 370 330 450 269 444 256 520 324 450 390 454 422 533 464 590 293 660
 300 820 290 989 380 660 380 810 380 957 338 354 368 360 309 370 379 370][349 370 330 450 269 441 266 520 336 454 390 452 421 531 462 590 291 660
 300 820 290 989 380 660 380 810 380 958 338 356 369 360 309 370 379 370][344 370 330 450 269 445 276 524 346 471 395 451 420 531 461 590 291 660
 300 820 290 984 380 660 380 810 380 954 334 357 364 360 309 370 379 370][347 370 335 450 269 447 286 527 357 476 397 450 420 530 460 590 290 660
 300 820 290 982 380 665 380 815 380 952 337 358 367 360 309 370 379 370][348 370 337 450 275 448 296 528 384 474 405 455 420 535 460 590 295 660
 300 820 290 981 380 667 380 817 380 951 338 358 368 360 309 370 379 370][348 370 338 450 273 449 299 528 397 473 403 457 420 544 460 590 293 660
 300 820 290 985 380 668 380 814 380 950 339 359 369 360 309 370 379 370][349 370 339 450 276 449 299 529 399 477 402 458 420 547 460 595 292 665
 300 820 290 987 380 669 380 812 380 950 339 359 369 360 315 370 379 370][349 370 339 450 278 449 299 529 399 478 401 459 420 544 460 593 296 663
 300 820 290 983 380 664 380 811 380 944 339 359 369 360 317 370 379 370][349 370 339 450 274 449 296 529 394 479 406 459 420 543 460 592 293 662
 300 820 290 982 380 662 380 810 380 942 339 359 369 360 318 370 379 370][349 370 339 450 272 449 293 535 387 474 408 454 425 542 460 591 292 661
 300 820 290 981 380 661 380 810 380 941 334 359 369 360 314 370 379 370][349 370 339 450 271 449 285 537 358 484 409 456 427 541 460 590 291 660
 300 820 290 980 380 660 380 810 380 940 332 359 369 360 312 370 379 370][349 370 339 450 270 449 282 526 359 476 404 453 424 534 460 590 290 660
 300 820 290 980 380 660 380 810 380 940 335 359 369 360 311 370 379 370][349 370 334 450 270 444 274 514 344 456 395 451 422 532 460 590 290 654
 300 820 290 980 380 660 380 804 380 940 337 359 369 360 310 370 379 370][349 370 336 450 275 442 264 511 333 452 396 450 426 535 460 590 290 656
 300 820 290 980 380 660 380 806 380 940 338 354 369 354 310 370 379 370][349 370 337 450 277 441 253 503 323 450 397 455 428 537 460 590 295 657
 300 820 290 980 380 660 380 807 380 940 339 352 364 352 310 370 379 370][344 370 338 450 278 440 243 501 304 443 398 457 428 538 460 595 297 658
 300 820 290 980 380 660 380 808 380 940 334 355 362 355 310 370 374 370][342 370 339 450 279 440 233 503 292 441 398 458 429 539 460 597 298 659
 300 820 290 980 380 660 380 803 380 940 332 357 354 357 310 370 372 370][341 370 339 450 285 445 230 505 273 433 399 454 429 539 460 594 299 659
 300 820 290 980 380 660 380 801 380 940 331 358 351 358 310 370 371 370][340 370 339 450 283 447 222 513 262 431 405 452 429 539 460 597 299 659
 300 820 290 980 380 660 380 805 380 940 330 359 350 359 310 370 370 370][340 370 339 450 275 448 220 524 252 442 403 451 429 539 460 593 299 659
 300 820 290 980 380 660 380 807 380 940 330 359 350 359 304 370 370 370][340 370 339 455 272 455 220 535 250 462 401 455 435 539 460 596 294 659
 300 820 290 980 380 660 380 803 380 940 324 359 350 359 302 370 370 370][340 375 339 457 271 458 220 546 250 475 406 457 433 539 454 593 296 659
 300 820 290 980 380 660 380 801 380 940 321 365 350 359 301 370 370 370][340 377 339 454 270 454 220 548 250 486 403 458 432 539 452 596 298 659
 300 820 290 980 380 660 380 805 380 945 320 367 350 359 300 370 370 370][334 378 334 452 270 452 224 556 253 496 402 459 431 539 451 598 298 659
 300 820 290 985 380 660 380 807 380 947 320 364 344 359 300 370 370 370][331 379 332 451 264 451 227 566 262 507 401 459 430 539 444 598 299 659
 300 825 290 987 380 660 380 808 380 948 314 362 341 359 300 370 370 370][331 379 331 450 261 451 228 568 274 509 400 454 424 539 434 605 294 659
 300 823 290 988 380 660 380 809 380 949 311 366 340 365 294 370 364 370][324 374 330 450 265 450 228 565 277 509 400 452 422 534 431 608 296 659
 300 822 290 989 380 654 380 809 380 949 304 363 334 363 291 370 362 364][321 372 330 450 267 450 235 557 286 498 400 451 421 536 430 609 297 659
 300 821 290 989 380 656 380 809 380 949 301 362 331 362 290 370 354 362][320 371 330 450 268 455 233 545 288 486 400 450 420 537 423 609 298 665
 300 820 290 984 380 657 380 809 380 949 300 361 330 361 290 370 351 365][320 370 330 450 268 457 232 542 285 474 400 450 420 538 421 609 299 663
 300 820 290 982 380 658 380 809 380 949 300 360 330 360 290 370 350 367][313 370 330 450 263 454 225 534 267 463 400 450 420 539 420 609 299 662
 300 814 290 981 380 659 380 809 380 949 300 360 330 354 284 370 350 363][311 370 330 450 261 452 222 531 254 435 400 450 420 533 420 604 299 654
 300 812 290 980 380 653 380 809 380 944 300 360 330 352 281 370 350 361][310 370 330 450 261 451 214 523 243 422 400 450 420 536 420 602 299 656
 300 815 290 980 380 656 380 809 380 942 293 360 324 355 280 370 343 361][303 370 330 450 260 450 211 521 233 420 400 450 420 537 413 601 299 657
 300 817 290 980 380 657 380 809 380 945 291 360 321 357 280 370 341 360][301 370 330 450 260 450 210 520 223 420 400 450 420 538 411 600 299 658
 300 818 290 980 380 658 380 809 380 942 290 360 320 358 280 370 340 365][300 370 330 450 260 450 215 520 213 420 394 444 420 539 410 600 299 653
 300 813 290 974 380 653 380 809 380 941 290 360 314 359 280 370 340 367][300 375 330 450 260 450 217 524 202 423 396 442 420 539 410 600 299 656
 300 816 295 976 385 656 380 809 380 940 290 365 311 359 280 375 340 368][300 377 330 450 260 455 218 527 192 441 397 445 420 534 410 600 299 657
 300 813 297 977 387 657 380 809 380 940 290 367 310 359 274 377 340 369][300 378 330 450 260 457 225 528 190 454 398 442 420 532 410 600 299 658
 300 816 298 978 388 658 385 809 385 940 290 368 310 359 271 378 340 369][300 379 330 450 265 458 235 535 190 466 393 446 420 531 410 605 305 659
 305 813 299 973 389 653 387 804 387 940 290 369 310 359 271 379 340 369][300 379 330 455 275 465 245 545 190 485 391 447 420 535 410 607 307 659
 307 811 299 976 395 656 388 802 388 940 290 369 310 365 270 379 340 369][300 379 335 457 285 468 256 555 193 505 391 448 420 537 415 608 315 665
 308 815 299 977 398 657 389 805 389 940 290 369 310 367 270 379 340 369][300 379 337 458 288 469 258 558 195 509 390 449 420 538 417 609 318 663
 309 817 299 978 399 658 395 807 395 940 290 369 310 368 270 379 340 369][300 379 338 459 289 469 259 566 197 517 395 449 420 539 418 609 319 666
 309 818 305 985 399 665 398 808 398 940 290 369 310 369 270 379 340 369][300 379 339 459 289 469 259 568 204 519 397 449 420 539 419 609 319 668
 315 819 308 983 399 667 405 815 399 940 290 375 310 369 275 385 340 369][300 379 339 459 289 469 259 565 202 514 398 449 420 539 419 609 319 669
 318 819 308 982 399 668 408 813 399 940 290 373 310 369 277 383 340 369][300 379 339 459 289 469 259 556 206 498 399 449 425 539 419 609 319 664
 319 814 309 981 399 664 409 812 406 945 290 372 315 369 278 382 345 369][300 379 339 454 289 464 254 545 208 485 399 444 427 539 419 604 325 662
 325 812 315 980 405 662 409 811 408 943 290 371 317 369 279 381 347 369][305 379 339 452 276 454 245 542 204 465 399 446 428 539 419 606 328 661
 328 815 318 986 408 661 409 816 409 942 295 370 325 364 285 380 348 369][307 379 339 451 277 451 234 533 207 453 405 443 429 539 419 607 329 660
 329 817 319 988 408 660 409 813 409 941 297 370 328 362 288 380 349 364][315 379 339 450 278 450 231 531 223 434 408 441 429 539 419 603 329 660
 329 818 319 988 409 660 409 812 409 940 298 364 329 361 289 374 355 362][318 379 339 450 279 450 230 523 235 422 408 440 429 539 419 606 329 660
 336 819 319 989 409 660 409 811 409 940 299 362 329 365 296 372 358 365][326 379 339 450 279 450 230 521 255 420 409 440 429 539 425 603 329 660
 334 819 325 984 409 660 409 810 409 940 305 361 336 362 298 371 365 367][328 374 345 450 285 450 234 520 275 420 409 445 435 539 427 594 329 660
 332 819 328 986 409 660 409 810 409 940 315 360 338 361 299 370 368 368][336 376 347 450 287 450 237 520 287 424 409 447 438 539 428 596 329 660
 331 819 329 983 409 660 409 810 409 940 325 365 346 361 306 375 369 369][338 377 348 450 288 450 244 524 297 441 409 448 438 539 435 592 329 660
 336 819 329 986 409 660 409 810 409 940 328 367 348 360 308 372 376 369][339 373 355 450 289 455 255 534 316 463 415 449 445 539 445 595 329 665
 338 819 329 988 409 660 409 810 409 940 329 363 356 360 309 371 378 369][339 371 365 450 295 457 265 537 327 461 418 449 448 539 448 597 329 667
 339 819 329 988 409 660 415 810 409 945 329 362 358 360 316 371 379 369][346 375 368 450 298 454 268 538 329 475 425 449 456 539 449 598 329 668
 339 819 329 989 415 665 417 810 409 947 336 366 366 360 318 375 386 369][348 377 369 450 299 456 276 545 337 486 428 449 458 534 456 593 329 669
 339 819 329 989 417 663 418 810 415 948 338 367 368 360 326 373 388 369][356 378 369 450 299 453 278 555 332 496 429 449 459 532 458 591 329 664
 339 819 329 984 418 662 419 810 417 949 339 368 369 365 328 371 389 369][366 379 369 450 299 452 279 558 331 507 429 449 459 531 459 590 329 662
 339 819 329 986 419 661 419 810 418 944 346 364 376 363 329 371 396 369][368 379 369 450 299 451 279 559 330 509 436 449 459 535 459 590 329 666
 339 825 329 988 419 660 419 810 419 942 355 362 378 362 336 370 398 369][369 379 369 450 299 450 275 559 330 509 438 449 459 537 466 590 335 667
 339 827 329 988 419 660 419 810 419 946 358 366 379 361 338 370 406 369][376 379 375 450 299 450 273 555 330 509 439 455 466 538 468 590 337 668
 339 828 329 989 419 665 419 810 419 947 366 367 386 366 339 370 408 369][378 374 378 450 305 450 271 545 330 497 439 457 468 539 469 590 338 669
 339 824 329 989 419 663 419 810 419 948 368 363 388 363 339 370 409 369][379 372 379 450 308 450 271 542 330 493 439 458 469 539 469 590 339 664
 339 822 329 984 419 662 419 810 419 949 369 362 396 362 346 370 416 369][386 371 379 450 308 450 270 534 335 476 439 459 464 545 476 590 339 662
 339 821 329 982 419 661 419 810 419 949 369 361 398 361 348 370 418 369][388 370 379 450 309 450 283 531 345 471 445 459 467 543 478 590 339 661
 339 820 329 985 419 660 419 810 419 949 369 360 399 360 349 370 419 369][396 370 379 450 315 450 287 530 348 463 448 459 468 542 486 584 339 660
 339 820 329 987 419 660 419 810 419 949 376 354 406 354 356 370 419 369][398 370 379 450 325 444 296 515 364 453 449 459 469 541 488 582 339 660
 339 820 329 988 419 660 419 810 419 949 378 351 408 352 358 370 426 369][399 370 379 450 323 442 298 511 376 451 444 454 469 540 489 581 339 654
 339 814 329 983 419 660 419 804 419 949 379 351 409 355 359 370 424 369][399 370 379 450 327 434 314 503 395 443 447 452 469 534 489 580 339 651
 339 812 329 982 419 654 419 802 419 949 379 350 409 357 359 370 427 369][399 370 379 450 328 436 335 501 415 446 448 451 469 536 489 580 339 650
 339 811 329 985 419 656 419 801 419 949 386 355 416 358 366 370 428 369][406 370 379 450 329 432 338 500 436 453 449 450 469 537 489 585 339 650
 339 810 329 983 419 657 419 800 419 949 388 357 418 359 368 370 429 369][408 370 379 450 329 431 339 504 447 456 449 450 464 545 489 587 339 655
 339 810 329 981 419 658 419 800 419 949 389 358 419 365 369 370 429 369][409 370 379 450 329 435 339 506 457 464 449 450 466 543 489 595 339 657
 339 810 329 974 419 659 419 800 419 949 389 359 419 367 369 370 429 369][409 370 379 450 329 437 346 514 459 483 444 450 463 546 489 593 339 658
 339 810 329 971 419 659 419 805 419 949 389 359 419 368 369 370 429 369][409 370 379 450 329 438 356 512 459 488 446 450 461 548 489 597 339 659
 339 815 329 970 419 665 419 803 419 944 389 359 419 369 369 370 429 369][409 370 379 450 329 438 353 511 459 489 448 450 460 549 489 598 339 659
 339 817 329 975 419 667 419 801 419 942 389 359 419 369 369 370 429 369][409 370 379 450 329 439 351 516 459 486 448 450 460 549 489 605 339 659
 339 818 329 977 419 668 419 801 419 941 389 359 419 369 369 370 429 369][404 370 379 450 329 439 345 518 456 477 449 455 460 544 489 604 339 659
 339 819 329 978 419 664 419 800 419 945 389 359 419 369 369 370 429 369][402 370 379 450 324 439 343 514 437 473 449 453 465 542 489 602 339 659
 339 819 329 979 419 662 419 805 419 947 384 359 414 364 369 370 429 369][401 370 379 450 322 439 341 505 432 456 449 452 467 541 489 601 339 654
 339 814 329 979 419 661 419 803 419 948 382 354 412 354 364 370 429 369][400 364 379 444 321 434 334 502 423 435 444 444 468 534 489 595 339 652
 339 812 329 979 419 660 419 802 419 949 381 352 411 351 362 364 424 369][400 362 379 442 325 432 316 494 396 438 442 446 469 536 489 592 339 655
 339 816 329 979 419 660 419 801 419 944 380 351 410 350 361 362 422 369][400 354 379 445 327 435 303 491 383 432 445 454 469 537 489 591 339 657
 339 813 329 979 419 660 419 800 419 942 380 344 410 343 360 361 421 364][400 351 379 442 328 432 293 494 363 430 442 452 469 538 484 590 339 653
 339 811 329 979 419 660 419 800 419 941 380 341 410 341 360 360 420 362][386 355 379 446 329 436 283 496 343 430 441 451 469 538 482 595 339 651
 339 811 329 979 419 660 419 800 419 940 374 345 404 344 354 360 420 361][382 356 379 443 329 433 272 497 332 423 440 451 469 539 474 593 339 651
 339 810 329 979 419 654 419 800 419 940 371 347 401 342 351 360 420 360][380 357 379 441 329 436 262 498 313 421 445 450 469 539 471 591 339 650
 339 810 329 979 419 652 414 800 419 940 371 348 401 341 350 360 420 360][380 358 379 441 324 433 260 513 293 424 443 450 469 534 470 591 334 650
 339 810 329 979 419 651 416 800 419 940 370 343 400 340 350 354 414 360][380 359 379 445 314 436 260 525 290 433 441 450 469 531 475 590 332 650
 339 810 329 985 419 650 413 800 419 940 370 346 394 345 344 351 411 360][380 365 379 447 311 445 260 528 290 453 441 450 469 531 472 590 331 650
 339 810 329 987 419 650 416 800 419 940 370 347 391 347 341 355 411 360][380 367 379 448 310 443 260 536 295 474 440 450 464 530 471 595 330 650
 339 810 329 988 419 650 417 800 419 940 370 348 390 348 340 357 410 360][380 368 379 449 310 442 264 538 298 486 440 450 462 535 464 593 330 655
 334 815 329 989 419 650 418 800 419 940 370 349 390 349 340 358 410 360][374 369 379 444 310 441 266 539 312 489 440 450 461 533 461 592 330 653
 332 817 329 984 419 650 419 800 419 940 364 349 383 349 340 359 410 360][371 369 374 442 310 446 274 539 324 489 440 450 460 531 460 591 330 652
 331 818 329 982 419 650 419 800 419 940 354 349 381 349 340 359 404 360][370 369 372 441 304 448 277 539 335 489 434 444 460 531 453 590 330 651
 330 814 329 981 414 650 419 800 419 940 351 349 380 349 334 359 401 360][364 369 375 434 306 444 278 539 338 489 436 434 460 530 451 590 330 650
 335 812 329 980 412 644 419 800 419 940 343 349 373 349 331 359 400 354][361 364 372 431 307 442 279 539 335 485 433 431 460 524 450 590 330 650
 337 811 329 980 415 642 419 794 419 940 341 344 371 344 330 359 394 352][360 354 371 430 308 441 279 534 333 467 431 430 460 522 450 590 330 650
 338 810 329 980 417 641 419 796 419 940 340 342 370 342 330 359 391 351][353 356 370 435 308 440 274 525 317 454 435 430 460 525 450 590 330 650
 339 810 329 980 418 640 419 797 419 940 340 341 370 341 330 359 390 350][351 352 370 432 309 434 265 514 304 434 437 430 460 527 450 595 330 650
 339 810 329 980 419 640 419 798 419 940 340 340 370 340 330 354 390 350][350 351 370 431 303 432 254 511 293 423 433 430 460 528 450 597 330 650
 339 810 329 980 419 640 419 799 419 940 340 340 370 340 330 356 390 350][350 350 370 430 301 431 251 510 274 420 431 430 460 528 444 598 330 644
 339 810 329 980 419 640 419 799 419 934 340 340 370 340 324 353 383 350][350 350 370 430 301 430 254 503 263 420 431 430 460 524 441 594 330 642
 339 810 329 974 419 640 419 799 419 932 340 340 370 340 321 351 381 344][350 350 370 430 300 430 256 506 252 420 430 424 460 522 445 592 330 645
 339 810 329 972 419 640 419 799 419 931 334 340 370 340 321 350 380 341][344 355 370 435 300 435 263 513 250 423 430 426 460 521 442 591 330 647
 339 810 329 971 419 645 419 799 419 930 331 340 364 340 320 355 380 345][341 357 370 437 300 444 267 524 234 433 430 427 460 520 441 590 330 648
 339 810 329 970 419 647 419 799 419 930 330 340 354 340 314 353 380 342][340 358 370 438 300 447 268 527 231 453 430 428 460 520 445 590 330 649
 334 810 329 970 419 644 419 799 419 930 330 340 356 340 311 351 380 341][340 359 370 439 300 449 269 536 230 465 424 428 454 520 447 590 330 649
 332 810 329 970 419 642 419 799 419 930 330 340 357 340 310 351 380 345][340 359 370 439 300 449 275 538 230 476 422 429 452 525 448 595 335 649
 331 810 329 970 419 641 419 799 419 930 330 345 353 340 310 355 380 347][334 365 370 439 300 449 278 539 230 486 421 429 451 527 444 597 337 649
 330 810 329 970 419 640 419 794 419 930 324 347 351 345 303 357 380 348][336 368 370 439 300 449 279 539 230 489 420 429 450 528 446 598 338 649
 330 810 329 970 419 640 419 796 419 930 321 348 350 347 301 358 380 349][337 364 364 439 300 449 279 539 230 489 420 429 450 529 443 599 334 649
 330 810 329 970 414 640 419 793 419 930 325 349 350 344 305 359 380 349][338 362 362 439 300 444 279 539 230 478 420 429 450 524 446 599 332 649
 330 810 329 970 412 640 419 796 419 930 327 344 350 342 307 359 380 344][338 354 361 434 300 442 274 534 230 466 420 424 450 522 448 594 331 644
 335 810 329 970 411 640 419 797 419 930 328 342 350 341 308 354 380 342][339 352 360 436 300 441 265 532 235 454 420 426 450 521 443 592 330 646
 337 810 329 970 410 640 419 798 419 930 328 341 350 340 308 352 380 341][339 351 360 433 300 440 266 524 237 435 420 427 450 520 441 584 330 647
 338 810 329 970 410 640 419 799 419 935 329 340 355 340 309 344 380 340][339 350 360 431 300 434 262 514 253 423 420 428 450 514 446 581 330 648
 339 810 329 970 410 640 419 799 419 933 329 340 357 340 309 341 380 340][339 350 360 430 300 431 245 511 257 420 420 429 455 511 447 580 330 643
 339 810 329 970 410 640 419 794 419 932 329 340 358 340 315 345 380 340][339 344 360 424 300 424 248 503 283 412 420 423 453 510 443 580 330 641
 339 804 329 970 410 640 419 792 419 931 329 334 359 334 317 342 380 340][345 346 360 421 300 421 249 501 288 416 420 421 452 510 442 580 330 641
 339 802 329 970 415 640 419 784 419 930 335 336 365 332 318 341 380 340][347 347 365 425 300 424 249 500 297 422 420 425 451 515 441 573 330 640
 339 801 329 970 417 640 419 786 419 930 337 337 368 335 319 345 385 340][348 348 367 427 305 426 249 500 315 433 425 422 456 512 440 576 330 640
 339 800 329 970 418 640 419 787 419 930 338 338 369 332 325 347 387 340][355 348 368 428 303 427 255 500 335 444 427 426 458 516 440 577 330 645
 339 805 329 970 419 645 419 788 419 930 339 339 369 336 328 348 395 340]